--- NLP Pipeline Output (First 20 results) ---
Output file generated at: F:\NLP\lab2_22001661_VuongSyViet\results\lab17_pipeline_output2.txt

================================================================================
Original Text: Beginners BBQ Class Taking Place in Missoula!
Do you want to get better at making delicious BBQ? You...
TF-IDF Vector: (1000,[7,49,61,63,73,126,156,190,191,210,229,249,264,271,298,323,334,348,359,360,390,399,408,413,416,426,438,440,466,480,490,499,522,537,543,557,600,673,703,712,717,726,779,781,788,829,832,834,860,871,881,893,924,941,952,953,968,976],[6.382195201093733,1.9459101490553132,3.123294497195504,2.1212630365331746,1.5105920777974677,2.1129642337184795,2.18136696060288,1.6204877486206852,2.155164588208856,2.6602595372658615,1.8653296623959739,1.8398505770949891,9.135127864123799,2.6602595372658615,2.18136696060288,1.8848742584689442,1.6830081056020194,1.4034232433828577,2.3237873006446486,1.5808786105256396,3.3129627025371815,2.466103522824904,4.528727760347696,1.9815010941580158,2.0724728723637424,2.3638140634560467,2.5649493574615367,1.263307881671983,2.3237873006446486,1.8783168579227851,4.412026411176075,1.9671123567059163,2.9197707327509463,1.317767798804364,3.0762335023751155,2.0034800008767912,2.477937980471907,1.9599948889370524,2.0109149793643093,1.0739440422526154,2.1992245780028865,1.9960998935791685,1.4281158559732292,1.646064590410335,2.3548778877146797,2.9575110607337933,2.217406897086077,2.088473213710184,2.2837819660309497,2.7666036803668734,2.1212630365331746,1.9887738534870958,1.9320210368946462,2.3869662022661804,2.2082744135228043,1.5060773974429411,4.160882084025839,2.0412203288596382])
================================================================================

================================================================================
Original Text: Discussion in 'Mac OS X Lion (10.7)' started by axboi87, Jan 20, 2012.
I've got a 500gb internal dri...
TF-IDF Vector: (1000,[0,1,10,12,14,15,23,38,53,92,100,108,116,133,137,148,155,168,182,188,192,196,206,207,211,216,220,227,248,255,267,281,286,289,295,303,305,315,317,319,325,330,348,349,353,383,394,403,406,431,439,447,451,454,490,493,501,525,527,531,537,549,558,569,588,619,623,625,627,635,643,651,652,667,668,672,683,685,692,695,707,748,775,780,810,815,834,845,850,855,893,898,900,909,918,921,922,944,953,958,960,963,971,984,988,990,991,994],[1.6776461624606338,2.235925944853314,1.6054498712561447,2.0034800008767912,8.620658352835424,1.5015830078551018,1.7788560643921472,1.7729563422649588,1.8783168579227851,1.5760359860498516,3.7962389704379293,2.6046896861110507,2.932674137586854,1.8546811361214801,2.3444065878473843,7.334323856325574,2.1465808445174646,1.4406946381800894,6.543020883005895,1.039457866181446,2.217406897086077,2.0567245153956035,1.5906347854710043,2.1992245780028865,1.6154499545907282,8.451856934873918,4.434813794172154,3.8366443850729683,2.4428466606606367,2.4428466606606367,1.5906347854710043,1.7439688053917064,1.7729563422649588,2.477937980471907,2.235925944853314,1.6670077642555783,3.9485616923690574,2.18136696060288,2.2547944291576973,1.8653296623959739,24.402689473368824,1.8903508713935486,1.4034232433828577,7.021852739269766,1.5955488002734333,1.9960998935791685,2.088473213710184,1.198327761940351,3.6857465108944596,2.1129642337184795,2.2453156852031535,1.6054498712561447,1.2811336656245835,1.8718021769015913,1.4706754703920253,3.5459126845299176,4.907265662254422,1.225175011976539,2.1952275726770405,6.652220691258231,6.5888389940218195,2.883403088580071,2.0804410420129194,3.705017947933825,2.3237873006446486,3.3340155285111566,1.9960998935791685,5.236590676333659,2.088473213710184,1.4406946381800894,2.5267281446413388,2.3237873006446486,1.7439688053917064,2.6046896861110507,2.18136696060288,2.431417964837014,1.561647248597752,1.8335809640813936,2.5912666657789103,1.7967669909586774,4.176946427420368,1.6830081056020194,4.242526073066349,1.925148157606884,2.8483117687688013,2.5418935811616112,2.088473213710184,8.796898312011546,1.8398505770949891,1.25626559904657,1.9887738534870958,3.3823942546990593,2.293634262473961,5.901337070117749,2.6602595372658615,2.3869662022661804,1.5242597165261316,2.033557456114069,1.5060773974429411,1.45771632574952,3.499398960201383,7.09637999113565,2.9967317738870745,6.7359470556094605,2.1992245780028865,2.1129642337184795,2.938462865763099,14.787555303668967])
================================================================================

================================================================================
Original Text: Foil plaid lycra and spandex shortall with metallic slinky insets. Attached metallic elastic belt wi...
TF-IDF Vector: (1000,[55,110,115,149,224,251,323,344,443,470,486,574,595,690,717,750,791,876,895,902,908,953],[3.1520719720997032,2.088473213710184,1.80280930541464,2.3978952727983707,1.4620174076489105,2.8657035114806706,1.8848742584689442,1.225175011976539,1.7907609668984654,2.4089451089849554,2.431417964837014,1.8848742584689442,2.3869662022661804,1.5015830078551018,2.1992245780028865,1.466337068793427,1.7269712290231354,2.539306926848199,2.293634262473961,2.3869662022661804,2.8483117687688013,1.5060773974429411])
================================================================================

================================================================================
Original Text: How many backlinks per day for new site?
Discussion in 'Black Hat SEO' started by Omoplata, Dec 3, 2...
TF-IDF Vector: (1000,[14,36,44,48,52,53,61,90,99,103,133,151,188,206,216,217,222,229,257,267,270,288,292,298,303,310,315,343,344,376,384,391,394,403,413,458,509,515,525,526,538,546,559,571,585,591,602,616,634,642,662,675,681,702,741,761,775,790,791,815,818,827,858,862,891,892,893,896,904,917,925,931,943,948,953,954,973,996],[2.155164588208856,3.016934481204594,1.3635773348356581,1.6723128164852714,1.9459101490553132,1.8783168579227851,1.561647248597752,1.7788560643921472,2.1992245780028865,3.8918202981106265,2.7820217041822204,2.3978952727983707,1.039457866181446,3.1812695709420087,2.1129642337184795,1.8914749425002961,1.5906347854710043,1.8653296623959739,4.587268524947922,3.1812695709420087,2.1129642337184795,3.7436043538031827,2.4201184095830808,4.36273392120576,1.6670077642555783,1.7157979284250102,13.088201763617281,2.155164588208856,1.225175011976539,2.235925944853314,2.674648274717961,1.225175011976539,4.176946427420368,1.198327761940351,3.9630021883160316,1.8783168579227851,2.3136349291806306,2.6046896861110507,1.225175011976539,1.8525089739669125,1.925148157606884,2.0489423749535485,2.3444065878473843,3.147554663621658,2.9857553210308514,2.293634262473961,3.085557528586738,1.8461597462882537,1.8848742584689442,2.0034800008767912,1.8461597462882537,2.466103522824904,4.102473702470383,1.9671123567059163,1.1851696773628397,2.477937980471907,2.1212630365331746,1.273965176145971,1.7269712290231354,0.8472978603872037,2.1465808445174646,2.172556330920725,1.9115425055511055,1.9599948889370524,8.00243540957008,1.5334763716310555,1.9887738534870958,2.4089451089849554,1.561647248597752,2.3654599970452166,1.5151272329628591,2.7666036803668734,1.7967669909586774,1.8273504143307575,1.5060773974429411,5.662434670819002,2.303584593327129,1.4971087274601806])
================================================================================

================================================================================
Original Text: The Denver Board of Education opened the 2017-18 school year with an update on projects that include...
TF-IDF Vector: (1000,[14,29,31,44,53,72,83,91,92,120,141,153,157,184,188,209,217,218,224,230,243,252,256,287,298,366,396,405,408,424,427,436,448,451,454,465,468,477,506,523,528,530,534,572,574,585,595,651,666,679,682,711,717,722,734,748,770,799,862,899,953,956,967,996],[2.155164588208856,4.528727760347696,2.9769291465908947,1.3635773348356581,1.8783168579227851,2.0965704239428034,1.7729563422649588,2.883403088580071,1.5760359860498516,2.466103522824904,4.817890217969911,2.5780214390288894,1.4368787469241469,10.853330108946132,1.039457866181446,1.7670912228125608,3.7829498850005923,2.155164588208856,1.4620174076489105,2.02595285672885,2.064567692856629,1.5664205273504097,4.0519057134577,1.7554631848174416,2.18136696060288,2.4089451089849554,10.473181352667318,1.9183221925364842,2.264363880173848,2.1296312862036912,2.2547944291576973,20.624171512231115,5.696623537537603,1.2811336656245835,1.8718021769015913,2.2547944291576973,1.4971087274601806,6.265682109401639,3.344625632970543,6.975875221566826,5.0286112492855635,4.668087601623676,2.235925944853314,10.312085756115557,1.8848742584689442,0.9952517736769505,2.3869662022661804,6.971361901933946,1.7670912228125608,3.8366443850729683,3.1710851610318525,2.431417964837014,2.1992245780028865,2.264363880173848,6.338892701155439,1.6830081056020194,2.172556330920725,2.539306926848199,1.9599948889370524,3.2511021011544643,4.518232192328823,2.5267281446413388,2.798732885374487,2.9942174549203613])
================================================================================

================================================================================
Original Text: BANGALORE CY JUNCTION SBC to GONDIA JUNCTION G train timings, routes, stops, and complete info.
As o...
TF-IDF Vector: (1000,[48,110,218,266,270,278,279,288,320,360,527,534,549,602,617,620,644,756,782,791,832,843,860,896,931,974,979,980,992],[1.6723128164852714,2.088473213710184,2.155164588208856,2.0965704239428034,12.677785402310878,3.219875325201284,5.81682443921766,5.6154065307047745,1.561647248597752,1.5808786105256396,1.0976137863385202,2.235925944853314,2.883403088580071,1.542778764293369,3.9058554434279196,2.1902559080201263,1.561647248597752,5.8377304471659395,1.8653296623959739,5.180913687069406,2.217406897086077,2.0724728723637424,2.2837819660309497,2.4089451089849554,1.3833018401834367,2.0804410420129194,6.123660986578915,2.466103522824904,1.93894147973922])
================================================================================

================================================================================
Original Text: I thought I was going to finish the 3rd season of the Wire tonight.
But there was a commentary on ep...
TF-IDF Vector: (1000,[38,55,273,309,358,389,401,412,431,458,464,487,491,578,749,878],[1.7729563422649588,1.5760359860498516,1.5060773974429411,2.0109149793643093,4.528727760347696,2.4428466606606367,4.471851889706628,2.5267281446413388,2.1129642337184795,1.8783168579227851,2.765620052923688,1.8783168579227851,2.3869662022661804,4.709755775429359,2.749871695955549,2.4899141715186226])
================================================================================

================================================================================
Original Text: The rich get richer and the poor get poorer eh?
Or is it the rich think different and play by a diff...
TF-IDF Vector: (1000,[7,48,103,154,173,178,196,212,222,263,301,327,335,342,385,403,426,477,502,531,533,583,585,633,683,689,712,782,855,887,900,914,931,958],[1.5955488002734333,1.6723128164852714,15.567281192442506,2.1638226509519707,1.552168504643208,2.2547944291576973,2.0567245153956035,20.88473213710184,1.5906347854710043,11.625515887750675,2.064567692856629,2.155164588208856,8.153200600423517,1.2956266729271504,2.064567692856629,1.198327761940351,2.3638140634560467,1.5664205273504097,2.1638226509519707,2.217406897086077,1.7047480922384253,3.1245651453969594,0.9952517736769505,2.1902559080201263,3.123294497195504,2.3237873006446486,1.0739440422526154,1.8653296623959739,1.25626559904657,1.925148157606884,2.293634262473961,2.749871695955549,2.7666036803668734,1.45771632574952])
================================================================================

================================================================================
Original Text: Biomedics 1 Day Extra are daily replacement disposable contact lenses by CooperVision Hydron. Buy on...
TF-IDF Vector: (1000,[24,53,80,128,132,133,135,143,190,255,282,288,303,310,314,325,334,359,368,378,437,445,494,537,545,563,581,611,647,662,666,678,703,719,727,776,783,792,815,825,828,838,846,852,873,907,922,931],[2.1638226509519707,1.8783168579227851,1.8335809640813936,2.0109149793643093,4.327645301903941,3.7093622722429602,2.5143056246427817,2.5649493574615367,1.6204877486206852,2.4428466606606367,2.0489423749535485,1.8718021769015913,1.6670077642555783,1.7157979284250102,2.5780214390288894,2.033557456114069,1.6830081056020194,2.3237873006446486,6.880902787421883,2.3237873006446486,1.6357552207514738,1.9742808461845287,4.938193771231005,1.317767798804364,1.7382707842770688,2.689247074139114,2.689247074139114,1.7612603025017675,1.93894147973922,1.8461597462882537,5.301273668437682,1.600487081914016,2.0109149793643093,7.09637999113565,2.5649493574615367,2.5520459526256287,1.3793256918037973,0.9147933520086514,0.8472978603872037,2.293634262473961,2.0965704239428034,2.1380701548495558,2.466103522824904,3.850296315213768,1.9048084733697614,2.6602595372658615,3.048519433052263,5.533207360733747])
================================================================================

================================================================================
Original Text: Sysco Corp. has terminated its planned $3.5 billion takeover of US Foods, it announced Monday, after...
TF-IDF Vector: (1000,[2,10,22,30,36,38,44,57,58,68,70,80,81,92,94,109,122,130,133,158,160,167,169,171,183,189,190,193,196,200,206,212,218,220,227,240,241,243,251,258,259,270,273,274,294,296,297,310,320,321,333,336,344,351,356,357,363,388,399,408,410,419,433,442,444,447,450,451,452,453,475,476,480,490,493,495,498,502,504,519,524,525,526,527,540,545,573,586,589,592,594,604,612,631,633,635,640,642,651,653,657,658,660,666,677,679,682,685,695,699,700,713,721,722,728,729,736,738,741,744,752,766,771,775,778,781,783,787,790,793,798,809,835,851,854,865,870,877,885,887,894,897,899,906,910,931,942,947,953,958,968,989],[2.0804410420129194,1.6054498712561447,3.705017947933825,1.9115425055511055,3.016934481204594,1.7729563422649588,1.3635773348356581,1.6255510505772321,1.925148157606884,2.81441021709312,2.2547944291576973,1.8335809640813936,2.6602595372658615,1.5760359860498516,7.226835326954866,3.0801133828261253,1.9887738534870958,2.2082744135228043,0.9273405680607401,1.8588987720656835,2.51253119809314,2.3136349291806306,2.1296312862036912,1.9599948889370524,2.5520459526256287,1.8588987720656835,1.6204877486206852,1.7788560643921472,2.0567245153956035,2.9197707327509463,4.771904356413013,2.088473213710184,6.465493764626568,6.652220691258231,1.9183221925364842,1.7907609668984654,1.9815010941580158,4.129135385713258,2.8657035114806706,6.0552169532804,2.0034800008767912,4.225928467436959,1.5060773974429411,1.9960998935791685,4.471851889706628,2.5780214390288894,3.442737946948931,1.7157979284250102,3.123294497195504,7.773799997336731,2.2453156852031535,2.5649493574615367,1.225175011976539,2.0489423749535485,1.7907609668984654,3.7962389704379293,2.226623552191001,2.4201184095830808,2.466103522824904,2.264363880173848,2.719100037288795,2.2082744135228043,3.2308999091814563,1.4198170531585343,2.0184056510934667,1.6054498712561447,2.155164588208856,1.2811336656245835,2.293634262473961,1.93894147973922,1.6054498712561447,2.303584593327129,1.8783168579227851,1.4706754703920253,1.7729563422649588,1.8088883514910221,2.7978809151419095,2.1638226509519707,2.172556330920725,1.7047480922384253,1.3753652905877003,1.225175011976539,1.8525089739669125,1.0976137863385202,4.985192121464204,1.7382707842770688,2.264363880173848,3.850296315213768,3.2715104415029477,12.879485067104788,1.2016445145663448,2.3136349291806306,2.226623552191001,2.5649493574615367,6.570767724060379,1.4406946381800894,2.81441021709312,2.0034800008767912,4.647574601289297,1.4971087274601806,3.654700828661515,2.781620394270129,7.686801993747501,1.7670912228125608,3.0801133828261253,1.9183221925364842,3.1710851610318525,1.8335809640813936,1.7967669909586774,2.3761552861619646,2.5649493574615367,2.4899141715186226,2.431417964837014,2.264363880173848,2.2934067930700874,2.1212630365331746,2.226623552191001,1.8088883514910221,2.3703393547256795,2.781620394270129,4.434813794172154,2.02595285672885,2.334043800811838,2.1212630365331746,3.9485616923690574,1.646064590410335,2.7586513836075945,2.1992245780028865,2.547930352291942,3.7697485169378884,3.717797544131367,1.7788560643921472,2.0184056510934667,2.7343675094195836,6.624823240568412,2.274025791085585,4.907265662254422,2.2453156852031535,28.513863433943577,1.925148157606884,7.694848072384611,1.6776461624606338,3.2511021011544643,2.5020355320509675,3.581521933796931,2.7666036803668734,3.42051549609879,3.5459126845299176,1.5060773974429411,1.45771632574952,2.0804410420129194,1.4115865540220187])
================================================================================

================================================================================
Original Text: Pencarian FILM Untuk "Peace Breaker 2017"
yuk mampir ke channel say..
Edges East provides the l..
A ...
TF-IDF Vector: (1000,[3,38,146,152,165,239,252,278,298,353,375,391,533,540,555,575,576,592,595,622,652,668,697,699,702,815,826,853,862,866,877,883,928,935],[2.1902559080201263,1.7729563422649588,1.693819021706235,1.600487081914016,2.0109149793643093,2.155164588208856,1.5664205273504097,3.219875325201284,2.18136696060288,3.1910976005468665,2.3237873006446486,1.225175011976539,1.7047480922384253,1.6617307071547345,3.058607177605162,2.3444065878473843,2.104733734581964,2.1465808445174646,2.3869662022661804,2.3237873006446486,1.7439688053917064,2.18136696060288,5.879984666811158,2.3761552861619646,1.9671123567059163,0.8472978603872037,3.3340155285111566,1.466337068793427,1.9599948889370524,2.3869662022661804,2.2453156852031535,2.454407483061713,1.5906347854710043,2.1638226509519707])
================================================================================

================================================================================
Original Text: Below you'll find some great videos that will encourage you, train you and build you up in hearing f...
TF-IDF Vector: (1000,[7,14,23,35,36,56,73,89,117,123,131,133,142,192,209,229,234,260,267,271,275,287,313,328,347,355,357,380,386,391,393,397,402,426,428,438,443,449,457,459,460,472,477,487,496,499,510,529,530,543,548,563,569,579,585,595,596,609,611,617,627,660,674,690,693,697,702,704,750,758,762,798,806,826,829,841,842,855,862,921,929,938,963,967,992],[1.5955488002734333,2.155164588208856,1.7788560643921472,2.303584593327129,3.016934481204594,1.6204877486206852,3.0211841555949355,1.93894147973922,2.4201184095830808,2.1296312862036912,2.1902559080201263,0.9273405680607401,6.764383287473092,2.217406897086077,1.7670912228125608,3.7306593247919477,4.144945744727485,4.490631370406307,1.5906347854710043,2.6602595372658615,1.7788560643921472,7.021852739269766,2.264363880173848,4.900700047906156,1.1851696773628397,9.835561783529581,1.8981194852189647,2.9769291465908947,2.6182953381668295,1.225175011976539,6.032744938092928,2.9967317738870745,3.823085011102211,1.1819070317280234,1.925148157606884,5.1298987149230735,1.7907609668984654,5.85878316514188,2.235925944853314,5.43820007457759,1.7213689734744655,2.719100037288795,3.1328410547008194,1.8783168579227851,3.7436043538031827,1.9671123567059163,4.451414285501453,16.886461302558722,2.334043800811838,3.0762335023751155,6.517668992762175,2.689247074139114,1.8525089739669125,2.3654599970452166,0.9952517736769505,2.3869662022661804,2.2837819660309497,1.815004578508458,3.522520605003535,1.9529277217139598,2.088473213710184,1.2811336656245835,1.9599948889370524,1.5015830078551018,1.5242597165261316,1.9599948889370524,1.9671123567059163,2.1902559080201263,1.466337068793427,4.528727760347696,4.668087601623676,1.8588987720656835,1.9459101490553132,1.6670077642555783,2.9575110607337933,2.226623552191001,2.466103522824904,1.25626559904657,1.9599948889370524,4.773932404532361,2.334043800811838,2.3237873006446486,2.3654599970452166,2.798732885374487,1.93894147973922])
================================================================================

================================================================================
Original Text: "Unemployment, Relative Price Dispersion and the Implicit Contract Model."
"The Federal Reserve&apos...
TF-IDF Vector: (1000,[2,8,26,40,70,102,125,132,152,179,201,236,252,260,262,275,296,342,349,352,369,370,392,394,440,454,463,500,513,520,547,552,566,572,577,611,633,638,647,657,674,689,692,701,721,724,725,728,735,738,751,753,763,813,829,832,850,853,871,906,910,916,948,953,969],[2.0804410420129194,3.1710851610318525,2.264363880173848,3.87788295947844,2.2547944291576973,2.334043800811838,2.1380701548495558,2.1638226509519707,1.600487081914016,2.7343675094195836,2.477937980471907,7.433813941415721,1.5664205273504097,2.2453156852031535,4.067114912228138,1.7788560643921472,7.734064317086668,1.2956266729271504,3.510926369634883,2.4089451089849554,2.4428466606606367,1.9529277217139598,4.293161689034929,2.088473213710184,7.579847290031898,5.6154065307047745,7.128465858485894,2.104733734581964,1.9048084733697614,2.5267281446413388,4.752310572323929,4.8402368191661616,2.0184056510934667,2.5780214390288894,2.1296312862036912,3.522520605003535,2.1902559080201263,2.0567245153956035,1.93894147973922,5.482051242992273,1.9599948889370524,2.3237873006446486,2.5912666657789103,2.2082744135228043,12.15708982418507,18.138866660452372,2.02595285672885,1.1467033965350437,2.2082744135228043,1.8088883514910221,2.4428466606606367,1.9815010941580158,1.4322912273837098,2.0489423749535485,2.9575110607337933,2.217406897086077,1.8398505770949891,1.466337068793427,1.3833018401834367,2.5020355320509675,8.953804834492328,17.300418531480428,1.8273504143307575,1.5060773974429411,2.477937980471907])
================================================================================

================================================================================
Original Text: I have existing web site brittlloyd.org. I opened a new domain sayrebuildersrockport.com however I d...
TF-IDF Vector: (1000,[0,5,75,133,211,223,330,342,349,354,371,391,404,424,538,585,586,712,721,728,744,778,807,815,852,855,891,911,928,996],[1.6776461624606338,3.2711686195888348,2.431417964837014,0.9273405680607401,1.6154499545907282,2.3444065878473843,0.9451754356967743,1.2956266729271504,3.510926369634883,2.658049906657997,1.475032775760981,1.225175011976539,1.6204877486206852,2.1296312862036912,3.850296315213768,2.9857553210308514,1.925148157606884,1.0739440422526154,2.431417964837014,1.1467033965350437,2.781620394270129,1.9742808461845287,2.033557456114069,0.8472978603872037,1.925148157606884,1.25626559904657,4.801461245742048,1.7047480922384253,1.5906347854710043,1.4971087274601806])
================================================================================

================================================================================
Original Text: Embrace world class facilities at East Bourne Resort & Spa Shimla. Facilities at East Bourne Resort ...
TF-IDF Vector: (1000,[7,53,59,82,87,129,193,297,328,360,444,518,522,576,681,687,892,959],[1.5955488002734333,1.8783168579227851,6.880902787421883,2.81441021709312,2.781620394270129,2.4428466606606367,5.336568193176442,5.1641069204233965,3.675525035929617,1.5808786105256396,6.0552169532804,2.3654599970452166,2.9197707327509463,6.314201203745892,1.3674912341567944,2.1380701548495558,4.600429114893167,2.4089451089849554])
================================================================================

================================================================================
Original Text: "Bake me a pie or go away," I've literally had my son say that to me a few times. So, what was I to ...
TF-IDF Vector: (1000,[0,1,4,5,7,10,12,15,16,17,18,19,21,22,29,34,38,40,42,43,44,45,46,48,53,55,56,62,64,65,67,68,72,74,78,80,81,86,90,92,96,100,102,103,111,112,113,114,116,125,133,134,135,136,137,143,144,147,150,152,154,155,156,157,158,160,161,166,168,176,182,184,185,188,195,196,197,198,200,209,211,212,213,215,218,222,224,226,227,228,229,231,232,239,242,243,247,250,253,258,263,266,267,270,271,272,273,280,281,282,283,286,287,288,292,293,295,296,300,301,303,305,309,311,312,314,318,320,322,323,325,328,330,333,334,335,336,342,343,344,345,346,347,348,349,350,351,353,354,355,356,360,363,365,367,368,369,370,372,373,376,379,382,383,385,386,390,391,399,401,402,403,406,407,409,411,414,415,416,417,418,420,423,424,425,426,427,430,432,434,436,437,442,443,445,447,448,449,451,460,462,463,465,466,467,472,473,480,482,483,486,487,489,490,491,494,497,500,501,505,506,507,509,510,515,517,519,520,522,524,525,526,527,533,536,537,539,543,544,545,546,547,550,552,557,560,565,567,569,572,576,578,580,583,584,587,588,589,590,592,593,594,595,597,600,605,609,612,614,616,619,620,621,623,625,626,630,634,635,636,642,644,645,649,650,653,656,660,661,662,664,665,666,668,672,673,677,678,683,684,688,692,693,694,695,698,699,702,709,712,715,717,719,720,723,727,728,731,737,740,741,743,748,749,751,755,756,757,758,760,761,763,769,772,779,786,787,790,791,792,798,801,803,804,806,807,815,818,821,824,825,830,831,832,834,835,843,845,850,851,852,853,855,857,861,862,863,864,865,866,871,872,873,874,877,878,883,889,891,892,895,896,897,901,902,904,907,909,910,911,913,915,919,920,921,922,924,925,926,927,932,934,937,939,940,942,943,944,946,948,950,953,958,959,960,964,966,967,968,973,974,975,976,983,986,988,989,996],[1.6776461624606338,2.235925944853314,5.62882043418624,3.2711686195888348,1.5955488002734333,3.2108997425122894,2.0034800008767912,18.018996094261222,2.2837819660309497,5.408124319848509,2.5649493574615367,1.9183221925364842,8.20310252825875,7.41003589586765,2.264363880173848,1.7047480922384253,5.318869026794877,1.93894147973922,4.688813175694769,1.6992686264737997,4.090732004506974,2.539306926848199,2.1902559080201263,5.0169384494558145,3.7566337158455703,1.5760359860498516,4.861463245862056,15.400566914130627,2.5020355320509675,2.4899141715186226,5.236590676333659,2.81441021709312,2.0965704239428034,1.7554631848174416,4.36273392120576,1.8335809640813936,2.6602595372658615,1.9115425055511055,1.7788560643921472,6.3041439441994065,2.1465808445174646,1.8981194852189647,2.334043800811838,1.9459101490553132,1.7847907999119617,4.699261582051229,2.5020355320509675,2.064567692856629,5.865348275173708,2.1380701548495558,4.6367028403037,2.5020355320509675,52.80041811749842,2.2453156852031535,2.3444065878473843,2.5649493574615367,3.38763804341247,2.3548778877146797,2.6320886602991656,1.600487081914016,2.1638226509519707,2.1465808445174646,4.36273392120576,5.747514987696587,7.435595088262734,1.25626559904657,12.777787717222147,4.684941745793256,11.525557105440715,7.260355228749242,19.629062649017687,5.426665054473066,6.624823240568412,3.1183735985443377,2.3761552861619646,6.170173546186811,4.757234400530438,3.5577121287842943,5.839541465501893,1.7670912228125608,1.6154499545907282,6.265419641130551,2.217406897086077,4.471851889706628,2.155164588208856,11.134443498297031,2.924034815297821,3.630009157016916,1.9183221925364842,1.6723128164852714,3.7306593247919477,19.79302120202598,1.925148157606884,2.155164588208856,11.605686376330999,2.064567692856629,2.6182953381668295,2.7978809151419095,6.0552169532804,6.0552169532804,5.812757943875337,2.0965704239428034,4.771904356413013,4.225928467436959,5.320519074531723,3.1245651453969594,3.0121547948858822,2.0489423749535485,8.719844026958532,4.097884749907097,2.6046896861110507,3.5459126845299176,5.266389554452324,1.8718021769015913,9.680473638332323,4.176946427420368,2.235925944853314,2.5780214390288894,3.9775477069741916,2.064567692856629,1.6670077642555783,1.9742808461845287,2.0109149793643093,2.6320886602991656,2.985308754221601,2.5780214390288894,2.9575110607337933,1.561647248597752,2.3761552861619646,3.7697485169378884,2.033557456114069,4.900700047906156,2.8355263070903227,2.2453156852031535,1.6830081056020194,4.89192036025411,2.5649493574615367,31.09504015025161,8.620658352835424,14.702100143718468,10.106912578565355,3.823085011102211,1.1851696773628397,1.4034232433828577,3.510926369634883,3.9630021883160316,2.0489423749535485,1.5955488002734333,1.3290249533289984,1.9671123567059163,1.7907609668984654,3.161757221051279,6.679870656573003,4.090732004506974,1.7847907999119617,4.587268524947922,2.4428466606606367,5.85878316514188,5.156042878057779,1.9887738534870958,4.471851889706628,4.587268524947922,2.1380701548495558,1.9960998935791685,4.129135385713258,5.236590676333659,1.6564813512685908,4.900700047906156,2.466103522824904,2.235925944853314,3.823085011102211,1.198327761940351,7.371493021788919,2.064567692856629,2.264363880173848,1.8211584440828366,9.95965668607449,4.752310572323929,4.144945744727485,1.9887738534870958,2.5143056246427817,2.235925944853314,4.2761403096991115,2.1296312862036912,2.9769291465908947,5.909535158640117,27.057533149892368,7.953173927355022,2.1465808445174646,1.9115425055511055,5.156042878057779,1.6357552207514738,15.617987584743878,7.163043867593862,1.9742808461845287,11.238149098793013,2.8483117687688013,3.9058554434279196,2.562267331249167,1.7213689734744655,2.1212630365331746,2.3761552861619646,6.764383287473092,2.3237873006446486,3.058607177605162,35.34830048475433,4.293161689034929,1.8783168579227851,4.955875960943814,4.932207045649808,2.431417964837014,1.8783168579227851,7.363222449185139,1.4706754703920253,2.3869662022661804,11.522452132872345,1.8981194852189647,12.628402407491784,6.543020883005895,8.485052146132698,1.6723128164852714,2.0724728723637424,2.3136349291806306,5.935219047335272,2.6046896861110507,2.5649493574615367,1.7047480922384253,5.0534562892826775,2.9197707327509463,2.7507305811754006,7.351050071859234,5.557526921900737,9.878524077046682,3.4094961844768505,2.0184056510934667,7.906606792826183,2.3761552861619646,1.5381167511875578,2.831217335409501,1.7382707842770688,2.0489423749535485,16.633087003133753,11.989476363991853,4.8402368191661616,4.0069600017535825,1.8653296623959739,8.650209265740214,7.32853998198191,7.41003589586765,5.156042878057779,6.314201203745892,2.3548778877146797,7.896265980897496,6.249130290793919,2.9014215940827497,4.752310572323929,16.26651110451254,3.2715104415029477,3.42051549609879,2.1465808445174646,2.1212630365331746,1.2016445145663448,4.773932404532361,1.9183221925364842,2.477937980471907,1.6830081056020194,5.445013735525374,2.226623552191001,1.8211584440828366,5.5384792388647615,3.3340155285111566,2.1902559080201263,2.1638226509519707,3.992199787158337,2.6182953381668295,7.32853998198191,2.749871695955549,1.8848742584689442,4.3220839145402685,2.674648274717961,8.013920003507165,1.561647248597752,2.2837819660309497,3.5341824456251216,1.7907609668984654,5.988434909840723,2.6602595372658615,2.562267331249167,4.5675639320618995,5.5384792388647615,2.0965704239428034,10.195611758842798,1.7670912228125608,2.18136696060288,4.862835929674028,1.9599948889370524,3.0801133828261253,1.600487081914016,4.684941745793256,4.730919994090433,5.104091905251257,5.182533331557821,4.572779149578395,2.5267281446413388,1.7967669909586774,1.9815010941580158,4.752310572323929,13.769786496941414,2.765620052923688,2.147888084505231,49.361388369494485,6.5976737340086595,2.3654599970452166,6.414210464548667,2.0184056510934667,5.1298987149230735,10.320330568815393,2.0804410420129194,6.998797920402766,6.042368311189871,8.296187741539878,1.7729563422649588,3.366016211204039,5.499743391911098,2.4428466606606367,4.242526073066349,3.8918202981106265,2.6182953381668295,2.264363880173848,7.068364891250243,4.955875960943814,2.8645824547674197,3.245193133185574,4.2592625724073825,4.284347567919688,2.765620052923688,2.1992245780028865,2.547930352291942,15.542741061208218,10.062726872095165,14.871190176525468,2.466103522824904,1.9320210368946462,6.414210464548667,7.783640596221253,2.033557456114069,5.931085022710426,2.1465808445174646,8.894280321960736,4.36273392120576,11.468171312369806,2.4089451089849554,2.303584593327129,2.217406897086077,2.088473213710184,10.092028255467334,2.0724728723637424,2.1992245780028865,1.8398505770949891,2.7343675094195836,3.850296315213768,2.932674137586854,3.7687967971397103,10.054574896821546,3.016934481204594,3.919989777874105,4.709755775429359,2.172556330920725,2.274025791085585,7.160898606798542,5.533207360733747,2.3978952727983707,3.809616946739523,3.2711686195888348,2.2453156852031535,2.4899141715186226,2.454407483061713,7.673288770145937,1.600487081914016,1.5334763716310555,2.293634262473961,2.4089451089849554,3.3552923249212676,1.7612603025017675,2.3869662022661804,1.561647248597752,5.320519074531723,11.802674140235498,3.581521933796931,5.114244276715276,1.6830081056020194,2.765620052923688,11.568174645903152,2.18136696060288,4.773932404532361,1.5242597165261316,9.660105184473231,1.5151272329628591,7.363222449185139,2.5267281446413388,2.1992245780028865,4.908814966123426,2.4089451089849554,8.204947404940766,3.522520605003535,1.710257748049395,10.780601945752064,2.033557456114069,1.6154499545907282,5.482051242992273,7.064633663144039,4.518232192328823,2.91543265149904,19.271560871879643,1.7496994801006915,1.6512594072874391,2.7978809151419095,2.798732885374487,2.0804410420129194,6.910753779981388,2.0804410420129194,1.93894147973922,4.0824406577192764,3.2711686195888348,2.6182953381668295,4.398449156005773,7.057932770110094,1.4971087274601806])
================================================================================

================================================================================
Original Text: Are film trailers spoiling movies?
In April we asked if high ticket prices were ruining your visits ...
TF-IDF Vector: (1000,[3,7,8,9,10,15,17,20,24,34,35,38,43,44,48,53,57,58,59,66,70,79,81,87,94,95,100,103,106,110,112,115,116,120,123,131,132,133,141,146,152,154,157,158,164,166,167,168,173,178,181,184,187,193,198,208,209,210,211,212,217,222,228,232,233,238,243,246,260,264,268,269,270,275,280,282,284,286,288,289,293,294,297,301,303,304,305,314,315,320,323,325,326,330,334,335,336,346,349,352,354,360,371,377,384,388,390,401,404,406,415,421,423,424,426,428,430,432,434,436,439,447,450,453,457,468,475,479,480,481,487,494,495,497,503,511,519,524,527,528,536,537,543,546,552,558,569,584,585,590,594,597,598,610,616,619,621,624,627,629,633,634,635,641,644,645,646,650,654,662,664,666,667,669,673,679,690,693,694,695,696,698,700,702,703,704,708,712,713,716,717,725,728,729,734,735,741,748,758,763,770,775,779,780,784,790,791,792,795,798,800,802,806,816,817,822,823,824,826,830,837,842,848,850,853,855,858,867,869,871,886,891,892,911,913,920,923,925,929,934,936,938,941,942,950,958,960,964,971,975,979,985,989,995,996],[30.663582712281766,3.1910976005468665,3.1710851610318525,2.0489423749535485,3.2108997425122894,1.5015830078551018,2.7040621599242547,1.7554631848174416,8.655290603807883,5.114244276715276,2.303584593327129,1.7729563422649588,1.6992686264737997,5.4543093393426325,1.6723128164852714,1.8783168579227851,1.6255510505772321,1.925148157606884,2.293634262473961,2.02595285672885,2.2547944291576973,2.781620394270129,5.320519074531723,5.563240788540258,4.817890217969911,2.1212630365331746,1.8981194852189647,1.9459101490553132,10.365066663115641,2.088473213710184,3.1328410547008194,3.60561861082928,1.466337068793427,2.466103522824904,2.1296312862036912,2.1902559080201263,2.1638226509519707,0.9273405680607401,2.4089451089849554,1.693819021706235,1.600487081914016,2.1638226509519707,1.4368787469241469,1.8588987720656835,2.3869662022661804,1.561647248597752,4.627269858361261,2.8813892763601787,1.552168504643208,4.509588858315395,2.4899141715186226,1.8088883514910221,2.155164588208856,10.673136386352883,1.7788560643921472,2.1296312862036912,1.7670912228125608,2.6602595372658615,6.461799818362913,6.265419641130551,1.8914749425002961,1.5906347854710043,1.6723128164852714,1.925148157606884,2.4201184095830808,2.646074902273905,4.129135385713258,2.1902559080201263,2.2453156852031535,2.2837819660309497,2.0489423749535485,2.539306926848199,2.1129642337184795,3.5577121287842943,2.0489423749535485,2.0489423749535485,5.953858293181789,1.7729563422649588,1.8718021769015913,2.477937980471907,2.088473213710184,2.235925944853314,3.442737946948931,2.064567692856629,3.3340155285111566,3.5577121287842943,1.9742808461845287,2.5780214390288894,4.36273392120576,4.684941745793256,1.8848742584689442,2.033557456114069,2.303584593327129,4.725877178483872,1.6830081056020194,3.2612802401694068,2.5649493574615367,1.9115425055511055,1.7554631848174416,4.817890217969911,5.316099813315994,1.5808786105256396,2.950065551521962,2.2547944291576973,2.674648274717961,2.4201184095830808,1.6564813512685908,6.707777834559943,1.6204877486206852,4.914328681192613,2.3761552861619646,2.719100037288795,2.1380701548495558,2.1296312862036912,1.1819070317280234,3.850296315213768,1.5906347854710043,2.1465808445174646,1.9115425055511055,2.5780214390288894,2.2453156852031535,3.2108997425122894,4.310329176417712,1.93894147973922,6.707777834559943,1.4971087274601806,1.6054498712561447,2.8657035114806706,1.8783168579227851,2.104733734581964,1.8783168579227851,1.646064590410335,1.8088883514910221,1.8981194852189647,2.749871695955549,2.235925944853314,3.4094961844768505,2.7507305811754006,1.0976137863385202,2.5143056246427817,4.036811302186933,1.317767798804364,1.5381167511875578,6.146827124860645,2.4201184095830808,2.0804410420129194,1.8525089739669125,2.9014215940827497,3.981007094707802,3.42051549609879,1.2016445145663448,1.9183221925364842,2.3869662022661804,4.817890217969911,3.6923194925765075,3.3340155285111566,2.1638226509519707,29.769291465908946,2.088473213710184,2.4201184095830808,2.1902559080201263,1.8848742584689442,4.3220839145402685,8.87253318220138,1.561647248597752,2.2837819660309497,2.646074902273905,1.7907609668984654,2.9197707327509463,1.8461597462882537,2.0965704239428034,1.7670912228125608,2.6046896861110507,2.8657035114806706,3.919989777874105,1.9183221925364842,1.5015830078551018,1.5242597165261316,2.5267281446413388,1.7967669909586774,2.2547944291576973,1.9815010941580158,2.5649493574615367,3.9342247134118327,2.0109149793643093,2.1902559080201263,7.04504121000707,3.221832126757846,2.4899141715186226,3.705017947933825,2.1992245780028865,4.0519057134577,2.2934067930700874,2.1212630365331746,2.1129642337184795,2.2082744135228043,2.3703393547256795,1.6830081056020194,2.264363880173848,1.4322912273837098,2.172556330920725,2.1212630365331746,1.4281158559732292,1.925148157606884,2.5020355320509675,1.273965176145971,5.180913687069406,1.8295867040173028,5.839541465501893,1.8588987720656835,5.320519074531723,2.781620394270129,1.9459101490553132,2.155164588208856,4.271873537473697,2.9575110607337933,1.9671123567059163,2.18136696060288,6.668031057022313,2.4089451089849554,2.1212630365331746,2.466103522824904,2.749871695955549,1.8398505770949891,2.932674137586854,1.25626559904657,1.9115425055511055,4.310329176417712,1.7729563422649588,2.7666036803668734,1.9459101490553132,4.801461245742048,1.5334763716310555,1.7047480922384253,3.366016211204039,2.18136696060288,4.509588858315395,1.5151272329628591,7.002131402435515,4.908814966123426,7.226835326954866,2.3237873006446486,2.3869662022661804,3.42051549609879,4.709755775429359,1.45771632574952,1.7496994801006915,3.3025188145748783,2.9967317738870745,1.93894147973922,12.24732197315783,2.2837819660309497,1.4115865540220187,2.0567245153956035,1.4971087274601806])
================================================================================

================================================================================
Original Text: UNStudio has joined forces with HPP Architects to create a consortium (UNS + HPP) to carry out the n...
TF-IDF Vector: (1000,[6,12,24,30,39,48,49,53,61,67,71,83,85,88,106,107,116,125,126,168,173,197,200,202,210,224,228,230,234,242,243,245,267,273,307,311,312,317,323,327,328,334,344,355,357,359,361,365,371,380,381,387,388,402,403,404,405,413,422,424,430,440,442,444,447,451,454,457,475,487,488,491,495,499,500,501,506,515,518,527,531,556,560,564,575,576,585,593,602,606,612,637,653,660,662,676,680,691,710,734,741,748,752,761,762,770,776,782,783,792,796,804,805,819,824,830,837,848,851,852,855,862,869,871,872,873,888,889,891,922,923,926,930,938,939,942,961,968,980,989,992,996,998],[2.4428466606606367,4.0069600017535825,2.1638226509519707,1.9115425055511055,2.689247074139114,1.6723128164852714,1.9459101490553132,1.8783168579227851,3.123294497195504,2.6182953381668295,2.539306926848199,1.7729563422649588,4.490631370406307,2.3869662022661804,2.5912666657789103,2.749871695955549,2.932674137586854,2.1380701548495558,2.1129642337184795,1.4406946381800894,1.552168504643208,1.5857448001768124,2.9197707327509463,2.8657035114806706,2.6602595372658615,2.924034815297821,1.6723128164852714,8.1038114269154,2.0724728723637424,2.9014215940827497,8.258270771426517,7.734064317086668,1.5906347854710043,3.0121547948858822,4.54805158217117,7.896265980897496,2.985308754221601,4.509588858315395,1.8848742584689442,2.155164588208856,1.225175011976539,1.6830081056020194,2.450350023953078,1.9671123567059163,1.8981194852189647,6.971361901933946,5.372282900695396,1.3635773348356581,1.475032775760981,5.953858293181789,2.4089451089849554,1.7729563422649588,2.4201184095830808,1.9115425055511055,1.198327761940351,6.481950994482741,1.9183221925364842,1.9815010941580158,2.674648274717961,4.2592625724073825,1.5906347854710043,1.263307881671983,1.4198170531585343,2.0184056510934667,1.6054498712561447,1.2811336656245835,3.7436043538031827,2.235925944853314,4.816349613768434,1.8783168579227851,3.4765415685541377,4.773932404532361,3.6177767029820442,1.9671123567059163,8.418934938327856,1.6357552207514738,1.6723128164852714,2.6046896861110507,2.3654599970452166,1.0976137863385202,2.217406897086077,2.431417964837014,1.8653296623959739,1.9887738534870958,2.3444065878473843,2.104733734581964,4.976258868384752,2.1212630365331746,3.085557528586738,2.104733734581964,2.226623552191001,2.1296312862036912,1.4971087274601806,1.2811336656245835,1.8461597462882537,2.1992245780028865,2.0567245153956035,1.9320210368946462,3.102092289544901,2.1129642337184795,2.3703393547256795,1.6830081056020194,2.217406897086077,2.477937980471907,4.668087601623676,4.34511266184145,2.5520459526256287,1.8653296623959739,1.3793256918037973,0.9147933520086514,2.3444065878473843,2.1380701548495558,1.7496994801006915,2.6602595372658615,2.18136696060288,4.817890217969911,2.1212630365331746,2.749871695955549,2.7343675094195836,1.925148157606884,2.51253119809314,1.9599948889370524,1.7729563422649588,8.29981104110062,2.3978952727983707,3.809616946739523,3.102092289544901,3.8366443850729683,4.801461245742048,3.048519433052263,2.2547944291576973,2.454407483061713,2.0034800008767912,2.3237873006446486,1.3674912341567944,1.710257748049395,2.3761552861619646,4.160882084025839,2.466103522824904,1.4115865540220187,1.93894147973922,1.4971087274601806,2.4089451089849554])
================================================================================

================================================================================
Original Text: ?Students are shouting several slogans to guarantee the school's autonomy in front of Jogyesa Temple...
TF-IDF Vector: (1000,[32,41,61,73,82,85,91,94,110,112,115,121,123,130,150,152,174,179,183,203,226,227,229,261,263,282,284,303,304,306,311,312,319,325,330,332,337,348,353,357,391,420,433,434,440,447,451,454,465,488,490,493,496,502,504,505,523,534,536,545,556,557,564,598,602,605,606,644,674,675,678,679,681,700,708,721,752,775,781,787,789,792,796,805,808,817,822,825,843,859,867,871,873,876,878,884,899,925,942,959,989,995,997],[2.1638226509519707,2.104733734581964,1.561647248597752,4.531776233392403,2.81441021709312,2.2453156852031535,8.650209265740214,2.4089451089849554,8.353892854840735,1.5664205273504097,1.80280930541464,2.3869662022661804,2.1296312862036912,2.2082744135228043,2.6320886602991656,4.801461245742048,1.7326050467413914,2.7343675094195836,2.5520459526256287,4.932207045649808,9.07502289254229,3.8366443850729683,1.8653296623959739,10.00814212820387,2.325103177550135,4.097884749907097,2.9769291465908947,1.6670077642555783,1.7788560643921472,4.752310572323929,2.6320886602991656,2.985308754221601,1.8653296623959739,4.067114912228138,0.9451754356967743,1.8273504143307575,2.8657035114806706,1.4034232433828577,3.1910976005468665,3.7962389704379293,2.450350023953078,2.235925944853314,1.6154499545907282,1.9115425055511055,1.263307881671983,3.2108997425122894,2.562267331249167,1.8718021769015913,2.2547944291576973,1.7382707842770688,1.4706754703920253,1.7729563422649588,1.8718021769015913,2.1638226509519707,2.172556330920725,2.1212630365331746,3.487937610783413,2.235925944853314,4.036811302186933,1.7382707842770688,2.431417964837014,4.0069600017535825,9.94386926743548,4.773932404532361,1.542778764293369,1.6830081056020194,4.209467469163928,1.561647248597752,1.9599948889370524,2.466103522824904,1.600487081914016,5.754966577609452,1.3674912341567944,2.5649493574615367,1.7612603025017675,2.431417964837014,2.217406897086077,6.363789109599524,1.646064590410335,6.5976737340086595,8.20310252825875,0.9147933520086514,2.3444065878473843,1.7496994801006915,1.6776461624606338,1.4239578458245656,2.9575110607337933,2.293634262473961,8.28989148945497,2.674648274717961,2.155164588208856,1.3833018401834367,3.809616946739523,7.617920780544597,2.4899141715186226,2.9967317738870745,1.6255510505772321,1.5151272329628591,1.710257748049395,4.817890217969911,1.4115865540220187,2.0567245153956035,2.5649493574615367])
================================================================================

================================================================================
Original Text: Quartz is one of the most common and varied minerals on earth, and its abundant colors produce many ...
TF-IDF Vector: (1000,[2,3,7,13,15,22,24,25,31,34,36,40,41,43,46,51,55,59,61,71,73,80,83,85,89,99,100,103,111,114,130,133,136,142,148,149,152,154,157,158,160,161,165,167,168,169,172,173,174,181,185,188,191,199,205,206,220,221,222,224,225,227,235,237,253,258,261,266,275,284,286,288,291,293,295,301,302,304,308,310,312,316,324,326,328,330,331,332,341,344,350,354,355,360,361,365,367,368,373,377,382,385,392,405,409,413,416,419,422,427,437,441,442,443,451,452,453,462,465,470,472,480,481,495,496,500,502,506,507,513,516,521,523,525,527,528,534,544,545,551,552,554,562,566,570,574,583,586,588,589,591,597,602,604,605,611,614,620,621,625,626,627,634,637,647,648,657,658,660,663,670,673,676,688,689,693,697,698,702,719,720,722,723,725,728,730,737,746,747,749,756,762,764,768,771,778,779,783,792,802,806,814,815,816,817,825,827,830,832,843,853,854,869,871,880,881,886,887,888,901,904,907,908,913,915,922,923,932,943,946,947,948,954,956,960,961,963,965,967,968,978,981,987,988,990,992,995,997],[2.0804410420129194,4.3805118160402525,9.5732928016406,2.5520459526256287,6.006332031420407,5.557526921900737,2.1638226509519707,2.454407483061713,2.9769291465908947,1.7047480922384253,15.08467240602297,7.75576591895688,4.209467469163928,1.6992686264737997,2.1902559080201263,2.81441021709312,1.5760359860498516,13.761805574843766,3.123294497195504,2.539306926848199,3.0211841555949355,5.500742892244181,1.7729563422649588,4.490631370406307,3.87788295947844,4.398449156005773,1.8981194852189647,5.8377304471659395,1.7847907999119617,2.064567692856629,15.45792089465963,0.9273405680607401,8.981262740812614,2.2547944291576973,7.334323856325574,9.591581091193483,16.00487081914016,2.1638226509519707,1.4368787469241469,5.576696316197051,10.05012479237256,4.2592625724073825,4.021829958728619,9.254539716722523,1.4406946381800894,29.814838006851677,9.893510600012988,3.104337009286416,1.7326050467413914,2.4899141715186226,2.2082744135228043,3.1183735985443377,2.155164588208856,2.104733734581964,20.822714362625675,7.953173927355022,2.217406897086077,2.3136349291806306,4.771904356413013,1.4620174076489105,2.9769291465908947,1.9183221925364842,2.3654599970452166,5.662434670819002,4.036811302186933,8.073622604373867,2.5020355320509675,8.386281695771213,5.336568193176442,38.70007890568163,1.7729563422649588,5.6154065307047745,4.8402368191661616,2.088473213710184,2.235925944853314,2.064567692856629,2.9575110607337933,3.5577121287842943,2.4201184095830808,6.863191713700041,1.4926543771108005,6.910753779981388,17.775148487937393,4.607169186654258,1.225175011976539,1.8903508713935486,17.51862439650568,20.100854557638332,19.542773285285094,1.225175011976539,11.889006564948094,10.632199626631987,7.868449426823665,1.5808786105256396,3.581521933796931,2.7271546696713163,1.7847907999119617,2.293634262473961,3.9775477069741916,2.2547944291576973,38.485262787292,6.193703078569888,6.439742533552394,13.428255347755389,4.528727760347696,1.9815010941580158,2.0724728723637424,2.2082744135228043,5.349296549435922,11.273972145788488,3.2715104415029477,16.987304012457006,1.4198170531585343,3.581521933796931,8.967935659372085,4.587268524947922,7.75576591895688,14.848841255732221,2.2547944291576973,2.4089451089849554,2.719100037288795,3.7566337158455703,2.104733734581964,1.8088883514910221,1.8718021769015913,4.209467469163928,2.1638226509519707,3.344625632970543,2.0724728723637424,1.9048084733697614,8.418934938327856,2.9197707327509463,3.487937610783413,1.225175011976539,5.4880689316926015,2.5143056246427817,2.235925944853314,2.831217335409501,1.7382707842770688,22.26623552191001,2.4201184095830808,2.6320886602991656,2.155164588208856,2.0184056510934667,3.41224721784874,24.503365360096275,3.1245651453969594,9.62574078803442,6.971361901933946,13.08604176601179,2.293634262473961,3.8366443850729683,1.542778764293369,2.3136349291806306,11.781056739214137,10.567561815010604,1.8211584440828366,2.1902559080201263,15.146758556663794,7.854886014500488,4.885693321321273,2.088473213710184,3.7697485169378884,2.1296312862036912,5.81682443921766,8.013920003507165,7.30940165732303,2.781620394270129,2.562267331249167,2.088473213710184,3.016934481204594,3.919989777874105,2.1992245780028865,51.04091905251258,6.971361901933946,4.572779149578395,5.879984666811158,1.9815010941580158,1.9671123567059163,2.3654599970452166,17.104561238796446,2.264363880173848,2.0184056510934667,4.0519057134577,1.1467033965350437,2.6046896861110507,8.748497400503458,3.0375537684073297,2.765620052923688,2.749871695955549,21.405011639608446,4.668087601623676,8.864781711324794,20.41220328859638,2.334043800811838,1.9742808461845287,1.4281158559732292,1.3793256918037973,10.062726872095165,2.781620394270129,5.8377304471659395,5.264177320598331,0.8472978603872037,159.48217952745534,1.4239578458245656,2.293634262473961,15.207894316445076,4.817890217969911,22.17406897086077,12.434837234182455,1.466337068793427,2.2082744135228043,5.318869026794877,1.3833018401834367,2.5267281446413388,6.363789109599524,1.9459101490553132,1.925148157606884,3.102092289544901,1.7612603025017675,1.561647248597752,2.6602595372658615,5.696623537537603,3.366016211204039,2.765620052923688,1.5242597165261316,4.509588858315395,4.398449156005773,1.7967669909586774,4.8463498637721845,1.7729563422649588,5.482051242992273,16.987304012457006,10.106912578565355,3.499398960201383,16.633087003133753,2.3654599970452166,2.264363880173848,2.798732885374487,4.160882084025839,5.320519074531723,2.3237873006446486,3.992199787158337,8.796898312011546,16.903713869747836,5.81682443921766,2.0567245153956035,2.5649493574615367])
================================================================================

