--- NLP Pipeline Output (First 20 results) ---
Output file generated at: F:\NLP\lab2_22001661_VuongSyViet\results\lab17_pipeline_output4.txt

================================================================================
Original Text: Beginners BBQ Class Taking Place in Missoula!
Do you want to get better at making delicious BBQ? You...
Word2Vec Normalized Embeddings: [-0.029471386948007713,0.0973409125027068,0.03953745271073067,-0.050110207700490524,-0.06597769063432911,0.06886366036816292,-0.2730060105595163,-0.10391208896669911,0.15156778312969724,0.04438233165587129,-0.10339132899918034,0.03293561115253096,0.06932056709822489,-0.26098611276637534,0.10911535856014647,-0.033951774992916565,0.07198189119087342,-0.13962202368837212,0.016441769431012405,-0.12418267630346172,-0.0066782792596665995,-0.09065039547622608,-0.11249628174880222,-0.07573852870960524,0.14650862602360795,0.0878945828897748,0.02770441841216654,-0.09611982846420007,-0.11819366293585602,-0.05089337559590569,0.13979206459008034,-0.09407832221363652,0.11372528875448559,0.07115921127496687,-0.004887260866854573,-0.0782669396244166,-0.059325093347671366,0.1705064079989993,-0.068143198529287,-4.93267552473498E-4,-0.13534068035206573,0.0389347675447993,0.14288524148506782,-0.06853573626809217,-0.09156542932980818,-0.059190667229587504,0.007670730973291743,0.036169829583721155,-0.025514507655163075,-0.15117375477131437,-0.07667780278074224,-0.027461321311361277,-0.07856703594284645,0.0015231602311752144,-0.14953500091812066,0.04591755236530151,-0.03210363701699932,-0.05763846715339031,0.1808778655323538,0.10765725797926749,0.026250214894752117,0.042557440305545355,0.15137378318761474,0.09662948331998289,0.30320874766090533,0.05001976318005286,0.04509567365785227,-0.10103677856981913,0.10083333016029233,0.1260300115067601,-0.07202119861054078,-0.07617759386342926,-0.03519278570055735,-0.047571814303122247,-0.01204168571422706,0.0630825809376974,-0.14034682043723531,0.1635905642304244,-0.041640922998832014,0.11072590219162633,0.09557732211852922,-0.16013279215433682,0.12329592146124366,-0.03295348132313478,0.015357872739661552,-0.009998340903072583,0.06867140976737267,0.08142439012222145,0.03227805211482228,0.03587896813219186,0.06572971889064463,-0.07670145811704981,-0.03780014456288398,-0.10861942490428245,-0.024395282686198606,0.06778251298317366,-0.12973309541866263,0.1323988235571103,0.058744141433739176,-0.10102973672352472]
================================================================================

================================================================================
Original Text: Discussion in 'Mac OS X Lion (10.7)' started by axboi87, Jan 20, 2012.
I've got a 500gb internal dri...
Word2Vec Normalized Embeddings: [-0.02544337618940746,0.09666298058686724,0.02407666419176543,-0.04962909235233829,-0.15877076799671505,0.07817609096051287,-0.24734427963820363,-0.1703826951288984,0.14882420783991712,0.03692375692685545,-0.13390609804079276,0.057420518919547706,0.0773566154257285,-0.23477884354169745,0.13756011030014081,-0.042035589921047625,-0.020276891140624198,-0.16788880129971964,0.0032458349333201256,-0.11246998528154008,0.012351996900100522,-0.12342888305030748,-0.07210484717958719,-0.02966605593103316,0.12285509483403295,0.09665232805040466,0.022257430800032004,-0.07052394736737035,-0.05171867295072128,-0.07064834211218962,0.13316408423953083,-0.057961702567737604,0.14003183042632258,0.09181782467342461,0.012565906199480283,-0.0580431526486164,-0.0908252113293758,0.18273616907644083,-0.0901380760180596,0.02688065694221996,-0.12777043158611132,0.07238368772888784,0.14471273252931705,-0.07786447590276059,-0.05173462832293015,-0.10894431956142943,-0.012038090216975892,-0.054024234556834985,-0.014868801871646605,-0.13644943008258412,-0.11309386346913727,-0.09452720845120685,-0.10686863542160109,-0.03588531443600192,-0.18822413945073105,0.05784513726869847,-0.054812200366354875,-0.016065291629377563,0.13902074282690277,0.13062442550011127,0.039538074309545826,0.0216712642686306,0.0914852799225698,0.07338448739644293,0.3038544666001633,0.004378324575687663,0.09732441024770175,-0.08168362829379161,0.11591386166119562,0.08789060872965006,-0.09196284076551729,-0.08584017804563894,-0.01826048205599702,-0.005975990808663095,-0.01712148889688085,0.06174157728647732,-0.11401141002699482,0.13037215427593424,-0.03742288660744981,-0.020141521364324524,0.02447983915694369,-0.12623486691833455,0.05360519784703836,-0.018436565270126205,-0.03731303552418131,-0.035103525755659074,0.05031504100787136,0.06945189976597163,0.051843397624140045,0.050161128481871736,0.12746469320498746,-0.15044668860147117,-0.027635427256170592,-0.1486906396021093,0.016595174724991408,0.04252716868983794,-0.04692448243078747,0.07255503602906599,0.12491294164476012,-0.13491336055583342]
================================================================================

================================================================================
Original Text: Foil plaid lycra and spandex shortall with metallic slinky insets. Attached metallic elastic belt wi...
Word2Vec Normalized Embeddings: [-0.07681951536407078,0.09529714246239199,-0.06251980316318331,-0.030478934132569132,-0.22580659309579332,0.08246020044180401,-0.182127736672125,-0.09756415572071762,0.13515538467128568,0.025478662691113395,0.003350483226134709,0.14413353209508137,0.07442057616043898,-0.0357751579244834,0.1254613466289306,0.043191030444379365,-0.04517216521449246,-0.16517536029755986,-0.04046527484424033,-0.12517483238075525,0.002032712487488747,-0.17632773697667423,-0.05888112347445788,-0.023953956597305016,0.06865547848398104,0.04285529138337484,0.017039937989100355,-0.06586119654583378,0.0898910841188991,-0.04009334293594695,0.08717704547655135,0.021275000650342067,0.19980399226640458,0.0702351776321733,0.05316919244104941,-0.018830594995956806,-0.18176994841770558,0.1468489052681337,-0.10262930760432094,0.13696561149696956,-0.0993020032378774,0.06480089923191375,0.12652954837513225,-0.06847980856923738,0.04369808880093343,-0.08426715652652701,0.04248240193612537,0.008343944241827335,0.00844274985134953,-0.09262575986001423,-0.14743458456244946,-0.030281854483821095,-0.10258225004556284,0.015873688569531735,-0.18696645939852252,-0.007112258844946901,-0.07490668798646101,-0.06047662166779764,0.12938442111274492,0.054665004526266034,0.09044585429999608,-0.005021468804843746,0.07794470842435022,0.0741501890022904,0.1677569575611072,0.025791124500850672,0.19866463984032756,-0.06099337556442133,-0.02481684903724644,0.15563220013646317,-0.005714531410407689,-0.19553319774682776,0.01781627624450655,0.015573353085939438,0.011101938940976552,0.04773220296361122,-0.15098801218640548,0.11012899112105388,-0.03637367636242887,-0.07968153047348359,-0.03124256142033841,-0.19670164759103761,0.06030650653819151,-0.05290007912892926,-0.11543696383536116,-0.02693560954156234,-0.046720554623310685,0.0960216640040826,0.06840167849068027,0.027865033076885093,0.11034660962720284,-0.04158386910047092,0.06193623219356891,-0.21598351155299947,0.12835124803797449,0.0224286726943954,-0.02096984117274791,0.0860816335970623,0.18587244807329242,-0.14147103644165104]
================================================================================

================================================================================
Original Text: How many backlinks per day for new site?
Discussion in 'Black Hat SEO' started by Omoplata, Dec 3, 2...
Word2Vec Normalized Embeddings: [0.004373516365655598,0.028469904468326764,0.025310028593392486,0.0028631654760623093,-0.08435418948497923,0.12952255723905468,-0.28571532996132726,-0.1766662706801195,0.1802621903213328,-0.006793883379003031,-0.12552515222070448,0.06659852950922346,0.01892620477557264,-0.2523697919578152,0.08309128031653347,-0.08072031956783277,-0.01201336972390127,-0.13211485228053316,0.0939976485645905,-0.14371029455941806,0.07190173152970451,-0.06142439577746518,-0.11211131611158166,-0.0160132395453391,0.07269388908330342,0.09073027297167532,0.054763195046363664,-0.04566105414180148,-0.04691521101501883,-0.10382906936469231,0.11502336996376301,-0.10173176639840754,0.14036549841432935,0.08120298057500572,-0.015437442866176428,-0.10011767492551084,-0.01856642310194803,0.17546124897477583,-0.001357304239443254,-0.028283752576509308,-0.10255675325978313,0.08541049302073928,0.1522643118812538,-0.1308413531294981,-0.045826590817759236,-0.028890512645078643,-0.014745367505088933,-0.12251832920500356,-0.09281104584472975,-0.04012855489251884,-0.11426765296223852,-0.07699020842378484,-0.0688467015637832,-0.04238585058709977,-0.13497329414782647,0.052289995103875386,-0.04109019388146187,0.12737606346801966,0.06346459308802795,0.1648455579104565,0.07174449015402858,0.04434759153235148,0.07337068255383604,0.049611317414825856,0.34501488834767374,0.05671780099906034,-0.012116910410424285,-0.06302841050908863,0.1493196541857587,0.05675614936277608,-0.0612689360318427,-0.06721090617622362,-0.04162641512286228,0.06827604447200868,-0.10449400092563227,0.04107643726089573,-0.1319479059068629,0.12124434684017273,0.01597661682400161,-0.029267803748598872,0.08891149539620258,-0.11347185245045605,0.05727565683098061,-0.008797621324766521,-0.08002161798638424,-0.045296032468394774,0.05660327579551835,-0.030992374310268304,0.04701182766420664,0.014466700294243606,0.09194134236214906,-0.13674499372183307,-0.01761904949120568,-0.1337217055676235,-0.02499010410824274,0.05592712115242868,-0.03986071154578319,0.0872023783912813,0.13793884214777918,-0.11466373010331402]
================================================================================

================================================================================
Original Text: The Denver Board of Education opened the 2017-18 school year with an update on projects that include...
Word2Vec Normalized Embeddings: [-0.015676816230738234,-0.00876122552187314,0.027762204167629017,0.052673622005080994,-0.13526015065167551,0.18206736255734285,-0.258167189059673,-0.1125235092383858,0.19864107602084763,0.04980599131831684,-0.07729609350629851,0.08194598592084855,0.018487200946842253,-0.1979246862050043,0.09052987543769767,-0.04108457832606791,0.038087891578465045,-0.12148205930417334,0.04053502067641517,-0.17972231123196813,0.08047344679919093,-0.04021225952532954,-0.12118844491238866,-0.014002395725473942,0.07466028185694065,0.1292511348971287,0.036398086955403884,-0.05575700216007262,0.06160554844461681,-0.12228001348419243,0.11026914426623341,-0.09623027463405372,0.16255162067772455,0.051773965691310084,-0.022854372357320706,-0.05216204287305217,-0.07554914100559479,0.18821049908279416,6.195519036097935E-4,0.05475148824032047,-0.11118857464211296,0.04589993673507331,0.18237771103050218,-0.11510782751428043,7.519588383335195E-4,-0.04442751003748048,-0.010526905560584068,-0.08022079522875002,-0.1005099007329024,-0.008857628842105336,-0.14557244463313218,-0.018621462118697994,-0.06486146300930352,0.01452082894552341,-0.1453792561416125,0.03045009009295564,-0.02070774667934721,0.11527974615560967,0.04806345008447633,0.15737404884205372,0.10063667050226015,0.043595750770974655,0.056403778289242146,0.06615669419166234,0.309045373983489,0.07467510162675607,0.04210899445510576,-0.011176729239652647,0.10930476986295451,0.0954563586723266,-0.030113793775822795,-0.10736316898144294,-0.03560572323373177,0.09203172186865145,-0.11382456922527458,0.03329033247643081,-0.1531128101406763,0.17224128350497953,0.0054262110740977325,-0.06331993945903001,0.06791163141616958,-0.17893000739889345,0.09900220696921136,-0.009830981476420425,-0.07361923256294538,-0.06699986176022604,0.03892079790693197,-0.026708487255493244,0.02869472479365688,0.001920093500364245,0.09335154074546982,-0.05857688690300631,0.049939763464899395,-0.1584765856897006,0.015718476256410985,0.03232708201739196,-0.04598755377468244,0.05510768906932034,0.1254954671323353,-0.1338528630137915]
================================================================================

================================================================================
Original Text: BANGALORE CY JUNCTION SBC to GONDIA JUNCTION G train timings, routes, stops, and complete info.
As o...
Word2Vec Normalized Embeddings: [-0.0678794931511365,0.019219484323821825,-0.0437777712405915,0.037688368904522006,-0.180335421801019,0.15858343612231712,-0.2161651477473753,-0.12443812237769819,0.14081502695963716,0.01728569385636109,-0.06357957178989461,0.16894209019565498,0.07974051159930698,-0.05099091906105935,0.08606356472408934,-0.03467372826800268,-0.0774443545840397,-0.15554707568495782,0.005855928996120982,-0.13291453040438628,0.09343773681586326,-0.12803815867858692,-0.06286778903405471,0.024368310193578047,0.05748819035746432,0.07528520021719846,0.014862545394613744,0.03985237739412565,0.1251134048077546,-0.10658540066626764,0.11020015510069782,0.0036841416348559414,0.20325919665640463,0.08850099222078883,0.017300143071526313,-0.054481438672112366,-0.14335918015763935,0.1795080330293932,-0.02476560223441398,0.04581863276165388,-0.062067408509002164,0.10600137600284892,0.13014004822469988,-0.1051255210719151,0.06987948205664331,-0.06888184459039215,0.021209718852406294,-0.1440680838623426,-0.05070765053022814,0.03467635807991517,-0.1415648689082312,-0.10395138069109444,-0.1295893313911675,0.004775561178537681,-0.15781809076532408,0.042083586025131035,-0.06626847661581682,0.03542413581501008,0.02572968890393395,0.12381586023277275,0.10634230652767351,-0.008088344068476534,0.030362063933300914,0.058092788412999856,0.18985542924412252,0.061114327935898376,0.09813939663517246,-0.05889606720379458,0.054475223541155506,0.010078050581863413,-0.06265972884809017,-0.15575608457505066,-0.03067542217597754,0.10764119400955412,-0.07463211730035245,0.013449648478288013,-0.15337963625893736,0.066433555675487,3.5525780453560756E-4,-0.18146097364255448,-0.015463873451071513,-0.15731391392901486,0.08864407690859262,-0.05347859290341464,-0.10021160883257561,-0.08786791830406561,-0.02526662059484988,-0.03340967968227228,0.06498799842704096,0.01467257722748813,0.16414064284263574,-0.11195013775454542,0.014523294437761753,-0.17617913891096915,0.0843942031430568,0.057631134696150624,0.06432106902412647,-0.001341136760172803,0.23458528381258203,-0.11615948021194089]
================================================================================

================================================================================
Original Text: I thought I was going to finish the 3rd season of the Wire tonight.
But there was a commentary on ep...
Word2Vec Normalized Embeddings: [-0.04520892819540445,0.07665814520929533,-0.027772072776581565,-0.02202734800577654,-0.15402134053957336,0.11902972583295136,-0.18965480281189595,-0.19657557820221752,0.1550630482072636,0.0319485494945836,-0.04887485913775276,0.1277353893398006,0.02282878717018745,-0.18651868004093092,0.144676018647153,-0.0496783025985864,-0.06817931290267336,-0.17674242645996058,0.10644979943001599,-0.1155575157862119,0.005114297378157618,-0.08619594131988376,-0.06971705883775067,-0.036589825597826454,0.040032198155164574,0.10144593916469258,0.07977152036096347,-0.05596874243654003,0.00840529511308134,-0.06074844075883197,0.11375069123582963,-0.0701538593333469,0.1526744879709313,0.05444872117936226,0.042405393466307326,-0.06991839819693631,-0.10389389620995329,0.173173437085544,-0.08172989544082661,0.023027049626717186,-0.12284072401112074,0.08458414032058406,0.18541368338129008,-0.1323055090625757,-0.020046887291181925,0.015320665182648543,-0.040795100813256616,-0.008730667613949902,-0.02862263758298405,-0.10211524791324873,-0.136148386456074,-0.06485948983696016,-0.13121768339012183,-0.029191250831763098,-0.18002672063547498,-0.011349962394310248,-0.05483698354901798,0.05681677539788627,0.1588000351305648,0.06270280577885368,0.058488632805492144,0.011647530910195322,0.0726852552460739,0.08293522788017045,0.3285309571438071,0.046595403992476934,0.07343438257991529,-0.04958290124448854,0.10310521858059933,0.1391101801658068,0.02072213400667305,-0.13829791218602355,-0.046689719136328744,0.0727271346667981,0.004362707390810458,0.049489301245336334,-0.1177838419419528,0.12902095382510398,0.019697734801632925,-0.03917928944805158,0.11998008325061026,-0.0863923140112149,0.052547631531853656,-0.03430365091713315,-0.05507719168383046,0.006683547811358382,0.002007181328338619,0.05418793932329487,0.029313548511948406,0.025403087363902573,0.13102983552840733,-0.0997562181894977,0.04106199683408308,-0.18706593040906,0.014407689344438762,0.018434205418854863,-0.031104794451765585,0.08719566077696234,0.17604594017591155,-0.13543147620045118]
================================================================================

================================================================================
Original Text: The rich get richer and the poor get poorer eh?
Or is it the rich think different and play by a diff...
Word2Vec Normalized Embeddings: [-0.0012843895980965447,0.12081515324953136,0.07028390832144538,-0.08151159077909259,-0.048227383242151534,0.020511362372977363,-0.21076320370628077,-0.1368927756057387,0.0940892944431759,0.04603471291277617,-0.12708375743252068,-0.008605121095823206,0.03981148643241552,-0.31763390207557807,0.11605876581731722,-0.06265249665468038,0.04891055495181845,-0.1492027258608461,0.053526187802606394,-0.06603323340477675,-0.04322979976227843,-0.08531034272252427,-0.08777662462777551,-0.06588878482090975,0.13509718394966652,0.05203222346363038,0.024202190552558376,-0.09190108080635115,-0.19032264237145052,-0.040387493849037594,0.15486284557604563,-0.1122378928010314,0.04421764132484997,0.07530050819833002,-0.004439098296391978,-0.0759032490861877,-0.015236279369100792,0.17007276653226833,-0.07013973315012385,-0.05635573057870349,-0.12276365655307483,0.0464276095222176,0.11650553869716866,-0.05294545425888718,-0.12704613811179452,-0.04145819461682547,-0.02732477083031272,0.0720664256355509,-0.02671935876121674,-0.1796833345009006,-0.04255843251861354,-0.06504683925750754,-0.10461495556456286,-0.060770336490889094,-0.12093153902820215,0.0467430280132586,-0.030535619183439597,-0.07949835147998731,0.19928067223138168,0.06626957524836258,-0.02638603143561426,0.02894505464044256,0.14111661549075571,0.09631621926059458,0.31031574514649773,0.012832959369290207,0.013614329008708856,-0.09041977716525267,0.11768254515992459,0.09437860948189111,-0.06642213789186754,-0.02987971991880809,-0.05790455288270477,-0.08292353464496535,0.03150662101304385,0.0873853132865341,-0.09803037981393256,0.14332174242992643,-0.024275774770423062,0.1493099709274386,0.13566283040667926,-0.07927582907774085,0.08211606415973285,-0.021441055370648433,0.05349137018268029,0.02587511980675052,0.08275550376323484,0.11589175991529348,0.02905231039828274,0.04855344327776101,0.0583449148572076,-0.11434144312268042,-0.0762376605199241,-0.05613340998244659,-0.07179791427573382,0.08107472553518737,-0.11673799670408407,0.1485878656605994,0.019681655969588922,-0.07598691072803156]
================================================================================

================================================================================
Original Text: Biomedics 1 Day Extra are daily replacement disposable contact lenses by CooperVision Hydron. Buy on...
Word2Vec Normalized Embeddings: [-0.0030636332896961313,0.059406312407904845,0.029492372924540204,-0.023964217267732863,-0.12397576583084621,0.1134373678837559,-0.2740109999381377,-0.16650224044605275,0.1514566326226521,0.006622638988858919,-0.13944124489736776,0.06597303038678154,0.041153762166345524,-0.257773777754419,0.10182350445103566,-0.06966601238596169,-0.009237368394107218,-0.1486140047396793,0.059635763291588734,-0.13470018908768674,0.061620467696420066,-0.0797518534740957,-0.09095163084811818,-0.012723686800976157,0.1076525302603737,0.08756688633182476,0.03874147478953913,-0.05472139078727942,-0.05506474343232179,-0.10302725764478665,0.13141419563810514,-0.09450615987570272,0.15090112412155798,0.0948115473912607,-0.015042654947937856,-0.07622845004855712,-0.04868719293498041,0.19055535227007403,-0.02972615352224928,-0.012158154540840429,-0.11148497447679376,0.09428191986104116,0.14433787748901125,-0.09923875544210077,-0.06599608321110088,-0.08977743150103758,-0.013966926466309837,-0.11459588951132008,-0.05726724292203771,-0.056637876284281075,-0.10489665851597836,-0.09778294841936165,-0.08019578764288204,-0.05441996401842814,-0.15673273976713145,0.05567115255963365,-0.050957443666975695,0.06481674572814532,0.09145652114983248,0.14999922644775446,0.057753914487485625,0.03355447604236536,0.08344854316068055,0.05961564880710996,0.3267770344772701,0.04355339567409879,0.02952150581114757,-0.08174455653251962,0.15029711409265975,0.054688571615614,-0.0773730417166524,-0.06882629808435169,-0.031086188018762777,0.03713182398233226,-0.0832822730100031,0.06379575114399517,-0.1221492624087458,0.12507752421994797,-0.0047150242594105884,-0.025973092949682787,0.05295575015573921,-0.1165156561294971,0.053995890099830635,-0.02744042977044669,-0.05017330800565472,-0.04059678637108981,0.06961862177625726,0.008031342071806268,0.06795134202195116,0.032467488631167454,0.11310925427797691,-0.16879549657085288,-0.0437601909834235,-0.11410759219533444,-0.01240996427315502,0.06449501237540978,-0.03526441041115515,0.06934374302160241,0.14567687613107874,-0.12652870804781505]
================================================================================

================================================================================
Original Text: Sysco Corp. has terminated its planned $3.5 billion takeover of US Foods, it announced Monday, after...
Word2Vec Normalized Embeddings: [-0.02129127388995104,0.018101576498473795,-0.009448469494864789,0.03623364578659096,-0.18658354486460274,0.18127563132144317,-0.23646510353681882,-0.15156389573538828,0.15596305190167417,0.010892813405395139,-0.12342125233547532,0.11018944983413051,0.03391469616611849,-0.14392375573201455,0.09344293028370018,-0.06864535995955352,-0.03768744867366726,-0.13857678514582683,0.033789714437499806,-0.14932075791186009,0.1050175600530449,-0.08054990603672135,-0.0974006029487068,0.002833664942351285,0.06446631881355618,0.1249536382740899,0.04600095325798026,-0.027986138031889395,0.0842418776456386,-0.10659886674833713,0.06573852783401737,-0.06415052588942712,0.1642005249829279,0.09047747537629003,-0.031403302387002785,-0.05113234885004004,-0.08755837666517634,0.16619630231964239,-0.039281179272415534,0.06829780553019137,-0.10271161824455836,0.06115067064091434,0.15824338361150422,-0.14209037603995087,-0.015572197563767046,-0.10103099225693556,-0.021512860489351117,-0.16064930078990405,-0.06468998714145928,0.008670126881731877,-0.11965796598679579,-0.08568530568489574,-0.11284134041923564,0.003647677216748165,-0.1498280990905331,0.051569654210948265,-0.06303165284818296,0.07412796712297136,0.04067424296656916,0.11085864705888321,0.09181212588852787,-0.012779708337547014,0.03998955907330365,0.049129919602923025,0.27225206057365864,0.03149629948979256,0.0738707349002227,-0.0397490621982583,0.12975086795121135,0.06901867717698269,-0.06667053129170944,-0.13882393340592278,-0.018703690081490032,0.1032598312299082,-0.09010064187776398,0.04489318337685979,-0.14474843970233733,0.1082062621812819,0.013436145401005167,-0.11648822660010788,2.842132332077951E-4,-0.16139316556044933,0.052459427916566936,-0.019836333556035753,-0.11978289378394566,-0.07875497811018521,0.003361331831923456,-0.026231021710744862,0.045322776999553505,0.0012900697721327198,0.14222966263590048,-0.11539817177576209,0.01994791304902972,-0.1575153132479616,0.034778121959252284,0.04098416587309868,0.01391946819845035,-0.01601504183684596,0.20246205590194435,-0.12886681710426323]
================================================================================

================================================================================
Original Text: Pencarian FILM Untuk "Peace Breaker 2017"
yuk mampir ke channel say..
Edges East provides the l..
A ...
Word2Vec Normalized Embeddings: [-0.04811588608580107,0.08331212285340109,6.957285246090955E-4,-0.019498491860978823,-0.22343453009251335,0.09946971091272729,-0.22902338999512178,-0.15454968010417572,0.09848396778748443,-0.0018833100311371747,-0.15494259171746713,0.08296093636093149,0.09909827622904495,-0.135134109831026,0.12091514057730729,-0.023963028054220296,-0.06539370876944403,-0.14543363143332494,-0.015907642657421894,-0.11901983044087253,0.03807403547839258,-0.15547127868847535,-0.06093225715798338,-0.0075240729299674925,0.15130160922651253,0.06008580238707971,-0.011412684899997387,-0.032717017310278367,0.04378108913771997,-0.0907477413191771,0.09596973864364408,-0.008850662094413252,0.1444401498334968,0.0788576463971668,0.003378141223605085,-0.020007915665123204,-0.13231196985903132,0.1804084883392935,-0.07517322941221972,0.09400750160274327,-0.0828394131534166,0.06596752636337773,0.11841417857836439,-0.06561365397753734,0.0049715502670595315,-0.20143300184559892,-0.02818426000048198,-0.12810644266869858,0.0013808275822551348,-0.05822156603867655,-0.10527538552702162,-0.10911040178561758,-0.1261202765197258,-0.010624151632847917,-0.1983253360680871,0.07323425889376436,-0.08839929599414768,-0.0454496848668431,0.06048363720497253,0.12933408115811984,0.043126440902908764,-0.011436597413989105,0.04693789668451357,0.06089025095469278,0.22610064486228057,-0.030292633597743885,0.13990677876967825,-0.06300450660587006,0.0650083795748082,0.03780058009392161,-0.09420463611139696,-0.13759923120591225,0.02357375422960532,0.023137781812882726,-0.02637837063941349,0.07065699470004078,-0.10538833937121475,0.10777751747845092,-0.03243763242974038,-0.1266976436772485,-0.06544033824917539,-0.15028753381923426,0.037828240051465435,-0.008533785289977473,-0.11932095776344506,-0.09547488950341161,0.015368566262279997,0.05251328587748759,0.0671360221796344,0.05099819057699561,0.15395757918882194,-0.16158660363284058,-0.011133193409318159,-0.16409048425094014,0.06955349098927653,0.040501936414627945,0.03189420331339975,-0.01007103862962475,0.16333234871342459,-0.1438721522569158]
================================================================================

================================================================================
Original Text: Below you'll find some great videos that will encourage you, train you and build you up in hearing f...
Word2Vec Normalized Embeddings: [-0.026330724153887403,0.09786619711338113,0.036896523884470796,-0.048081040853704834,-0.10885075771933121,0.07445503075169611,-0.22698663858634277,-0.15470131627595804,0.14055378455849457,0.05364246680689663,-0.09947773328492374,0.050022579596742965,0.05152136071024254,-0.26511008571457095,0.13787632305924868,-0.03310030287140192,0.02888526288429203,-0.16382093016372265,0.028658727835780606,-0.11849884658642507,-0.019234152054272882,-0.08903520720992435,-0.09288706423580105,-0.06509809631677704,0.11989026718255126,0.10160235617560662,0.03903110355943203,-0.08759156936803524,-0.10246690884850201,-0.04627418484482924,0.13592684021670487,-0.09357773308721544,0.11223357084604534,0.0707636685725872,0.010075157811866485,-0.06606216408829119,-0.08695771482039712,0.18813778931609823,-0.09619965061677932,-0.003168975874821551,-0.14793954479660884,0.04349240778824229,0.1541234296575525,-0.08916616101628289,-0.08830383648025965,-0.04996237395712009,-0.015682965550747323,0.03105894449535577,-0.012089092026094657,-0.16144335696156079,-0.09679602039696747,-0.052461285883457366,-0.11884019256317671,-0.01288619124046545,-0.17257039427109988,0.029616154051963377,-0.037809300300989536,-0.04113506126158112,0.1993061577812511,0.08731130130576531,0.02788694700077158,0.016425809728522842,0.12047950882002217,0.10152152073943572,0.3118351052362979,0.027859251429202193,0.061147250295139954,-0.08736431070962854,0.09973154418159179,0.13412994269815345,-0.05519504570919846,-0.08031214272459071,-0.048739555554690145,-0.03822435736144909,0.02118630451993007,0.06905958530734699,-0.12467494120291753,0.1480079240444824,-0.0269046394244933,0.08346118160886495,0.09695807077138932,-0.13893935478932395,0.08515755138836728,-0.038319908395521095,0.028036485023476793,0.005138693552909279,0.05029278398184727,0.08682512346074309,0.014059115785571025,0.034429309199536864,0.09641272704353572,-0.09167838832945599,-0.024891457248939694,-0.11910442427116923,-0.028612614800820793,0.055951435162670926,-0.08914434148067805,0.11066950337775504,0.07321337063069737,-0.11857725207124675]
================================================================================

================================================================================
Original Text: "Unemployment, Relative Price Dispersion and the Implicit Contract Model."
"The Federal Reserve&apos...
Word2Vec Normalized Embeddings: [-0.06709224105150481,-0.015380114332320905,-0.03588259710398722,0.07282519053061529,-0.2655793505384431,0.15760051332196964,-0.06302373472148184,-0.12648479119464864,0.11328671691142708,0.043703901543920495,-0.01582159839407468,0.1624133090644969,0.036552020926594465,0.02730085060721346,0.12437162023106077,0.009246626804795445,-0.1314580430460327,-0.14005158575881602,-0.010550932390063538,-0.12090569332671129,0.06373460679798537,-0.08463559890077806,-0.014317562247064401,0.04718917361270511,-0.004101685764192532,0.0985180169059414,0.010877092913089335,0.004759640827953661,0.23300959951697425,-0.10345641588140876,0.0583706419702459,0.043618462606223374,0.17312467630229147,0.04154909471797462,0.028791251829382154,0.010279682209284704,-0.18598771623948104,0.13483364112774157,-0.06287119973727405,0.12269025191591253,-0.06789343855057173,0.05950076653817941,0.1310320889616681,-0.05942813596579552,0.10065999089842118,-0.09163433267849085,-0.043562435617356614,-0.11769876031129076,-0.012708669170770502,0.05231041886660801,-0.166839706350081,-0.07406260790957475,-0.12074085232832535,0.017839682676796496,-0.14963741272870848,0.004483754310241515,-0.0625983184733447,0.08483414464185492,-0.009958192867855906,0.06042248259117164,0.08170093620282941,-0.04006990998832853,-0.045681408356683884,0.05900337276838395,0.1204333044719448,-0.021759242323567962,0.17279509792927267,0.022066329414841122,0.015336656823532625,0.04204285153367886,0.018781463691806603,-0.15298320123555792,-0.01648451761554862,0.1338410078685274,-0.04070633045907858,0.026522532831897865,-0.0750433745266365,0.031789678827684874,0.01335852705042298,-0.2561148557302331,-0.0787722368146049,-0.09484330305763193,0.00398858462828391,-0.015875567059603433,-0.11520680834348927,-0.09903464442880645,-0.061331470940057094,-0.014993680263489755,0.046842505273546775,0.01163717967522153,0.16881464594586265,-0.07499240716819132,0.11563290123371657,-0.1766372458319886,0.1376346203660866,-0.03286517103147735,0.11961795787302162,-0.09933309083300958,0.21183393280993934,-0.1497131018284034]
================================================================================

================================================================================
Original Text: I have existing web site brittlloyd.org. I opened a new domain sayrebuildersrockport.com however I d...
Word2Vec Normalized Embeddings: [-0.0018831304002902046,0.0676712283530484,0.04611522268897815,-0.04920169806575139,4.330142309218399E-4,0.025092376861020164,-0.22669227462241617,-0.08075547860776315,0.15762125622806655,0.01888770199992998,-0.03802756933411598,-0.008834580792621883,0.04818228183399675,-0.2730929232760883,0.08560083199603327,0.004036000932687482,0.11854933571357176,-0.08687554691695479,0.002908893864606143,-0.11073674025424181,-0.05281762865664649,-0.11223308139374434,-0.12079928400003365,-0.08663743253646601,0.11040188914109116,0.08498835861477887,0.021616844634725355,-0.0894887506938167,-0.18068664001003534,-0.017807881873303167,0.08258278146700851,-0.11074408763616951,0.07450033004188449,0.0533636304425569,0.0075587800268039585,-0.07689922992741477,-0.03032012908142998,0.12775236109642638,-0.06904726341608691,-0.013460955958926869,-0.13029830877725254,-0.0021417215322794923,0.12583401412573927,-0.07946280191031599,-0.10708075205921155,0.025066011611240092,0.05599315972276795,0.10622929550471691,-0.010629540061660893,-0.20000506319283806,-0.06573539508515812,0.03577140255523818,-0.06403096898418516,0.012090642475074572,-0.11957113488838017,0.013358800208839497,-0.026920834533878092,-0.056547793652806586,0.2170744982232385,0.08191770417283269,0.030030295161113885,0.05490964748599704,0.16998508708696525,0.10248789957493842,0.26963703938929845,0.06600673746995787,-0.0013577811787829778,-0.10142268081395475,0.0745035141422703,0.1741254554784851,-0.0465653818493896,-0.07028275800678112,-0.03922766020620988,-0.10176293511265722,0.04329338278964488,0.06251556101576748,-0.12783462009094876,0.1774093146402784,-0.050002266835225295,0.1913820411109953,0.14517761595701928,-0.1789603191203666,0.11038341669459314,-0.0378656283889743,0.048608406947018935,0.02318303215873388,0.056126202017595044,0.07169414656605662,-0.013449602653637285,0.010878730323289218,-0.012439797459182137,0.0024264264832617732,-0.02558158690540774,-0.0908728679611839,-0.05585087028587543,0.05232758508944436,-0.16575460186956822,0.20352655344193143,-0.010839769172098475,-0.07246231043372307]
================================================================================

================================================================================
Original Text: Embrace world class facilities at East Bourne Resort & Spa Shimla. Facilities at East Bourne Resort ...
Word2Vec Normalized Embeddings: [-0.09858024936428371,0.007288476755660765,-0.06863672006697537,0.08797262708050939,-0.21973528002111026,0.09185177934171375,0.028369905757282553,-0.08643176304224759,0.06536341572744568,0.014972318610844903,0.03850301024495967,0.23259257477000464,0.05110031751298054,0.16113442053444976,0.07098249456723323,0.09424994840343856,-0.16204058086782178,-0.10247807804759741,-0.02936730614194997,-0.07750265951770345,0.025699142753212154,-0.14911126098758565,0.028541187639315718,0.07550096146835153,0.016151536692854667,0.010840312761248774,-0.039429154266526774,0.06043429664526013,0.2708433979808372,-0.06987166811936416,0.07931124846299321,0.05769285341899423,0.1713120453214045,0.037707330158495055,0.06590332562830015,0.01845637782203396,-0.24127526644642616,0.07459663480749107,-0.08273767467604116,0.11577091939868422,-0.013939293484235822,0.05146475328251908,0.11282271339705659,-0.056671074719324366,0.1564012078396942,-0.0031626922446680123,-0.04026170930185924,-0.055259349979778605,0.032707054554467346,0.02031666868017796,-0.11425032797202617,-0.0807026607381532,-0.13840523090109869,0.018360944878728736,-0.11351417336851834,-0.0465142920557135,-0.08721069515820239,-0.0422317162461146,0.054529345640745464,0.01506157003684073,0.07844124734634332,-0.04775912408704077,-0.06887794458541222,0.054247814430485784,-0.021078862472085517,-0.0038286652914172703,0.152066517601309,0.026349113261329334,-0.08516086526140819,-0.0018411627452401076,0.04484603985546138,-0.20804263192425507,-0.03415407034392084,0.09888384064528666,0.012662868873054092,0.010671800454934882,-0.05248219522304365,-0.01056823590671277,0.04782506346740468,-0.26057962330379597,-0.08217726424738209,-0.09244077129806277,0.03427221151208819,-0.04534751034588771,-0.0854450671341009,-0.10278362777906856,-0.08154641416352322,0.03850116567387174,0.05063887919027719,0.013751355336063496,0.17985066104828715,0.012082051875136373,0.13380915171086039,-0.149185744840724,0.1733175550867241,-0.047523720052974214,0.14460900919364497,-0.05904746210558603,0.2132466031026961,-0.0938770248470589]
================================================================================

================================================================================
Original Text: "Bake me a pie or go away," I've literally had my son say that to me a few times. So, what was I to ...
Word2Vec Normalized Embeddings: [-0.0139828782945162,0.08207835693675086,0.0454563906414676,-0.0411921494141125,-0.11547837919339352,0.07952587782942806,-0.2462732118105967,-0.1604055787084058,0.1610765736198983,0.06867173479935493,-0.09523872886929433,0.022599826428296603,0.05025908512652502,-0.27424738753698114,0.13450243506737852,-0.035223181113247896,0.03784935360368405,-0.15863333014831127,0.018841834933178675,-0.1371006319663358,-0.007511505292025985,-0.0578479036103539,-0.09109729120152395,-0.04714547914747659,0.12016335640793967,0.11186597762949425,0.03079252831292482,-0.09759094796780873,-0.0937354723214265,-0.06836229553398299,0.13479968957395833,-0.10202973880241813,0.12520762875846658,0.07749830069641536,-0.0042033796624274785,-0.053004881611621216,-0.07194800510700122,0.1960309875649739,-0.08468180644762766,-0.0027877100249416656,-0.1397241653106586,0.04479539760319275,0.15413569274933392,-0.07827106344935235,-0.07705777686940649,-0.06981421585629626,-0.017589080185653427,0.010998449232324781,-0.031938381546809703,-0.1491040686374916,-0.11180736939867417,-0.03496550071532009,-0.09034187053214658,-0.02373049001085288,-0.1723059728869409,0.0348072210677695,-0.03683612665039309,-0.007804974641887219,0.16601263660874996,0.11309399128295305,0.021384451447951303,0.021981063108735058,0.11874797903360364,0.09583388886673856,0.32742942051380125,0.020591314204353724,0.053986150046195,-0.07306077934253571,0.12310309498311066,0.12696128386733435,-0.0518403011171895,-0.07284864545626903,-0.05244327783802548,-0.028387967450850295,-0.0062401743772347645,0.06925653218409342,-0.12043284168972465,0.15407887958738697,-0.03656350434291755,0.07240188007323221,0.08159925512681702,-0.13227678424777303,0.07478626529792898,-0.027472215506251493,0.031143472651549153,-0.003242777598537755,0.06391322710698305,0.0672081321816846,0.01251230431604904,0.02996109916845654,0.08642509279206904,-0.10976333245539213,-0.020428753703516694,-0.11541039078919385,-0.02435216749195477,0.040354424930370475,-0.09521977303794714,0.10463440651970556,0.06588743943292706,-0.13010750044685715]
================================================================================

================================================================================
Original Text: Are film trailers spoiling movies?
In April we asked if high ticket prices were ruining your visits ...
Word2Vec Normalized Embeddings: [-0.026286660476808665,0.09459991802660368,0.02970841947351462,-0.047140691476413116,-0.10550301086489472,0.0885474441317427,-0.24719823745810593,-0.18477731839422532,0.14644297695361794,0.05077959557447737,-0.12243171071337226,0.04786454052988424,0.04941419911512754,-0.2873350993385587,0.1326935053663338,-0.04715233849929986,0.005435922955356839,-0.16659416100622734,0.06251226533811527,-0.11444900586032289,-0.004954022168104671,-0.04977785380067221,-0.08624828679108892,-0.052411340727760464,0.10582113874842218,0.09555081794024534,0.046345644587476975,-0.08136219893299967,-0.10330646322645687,-0.06447542541901671,0.1476339171785833,-0.09997097723828975,0.10887436265938696,0.0747672897366288,0.009297746411703844,-0.07235544508753006,-0.052375865407981614,0.18637112041027654,-0.07244796945253387,-0.029419129455391244,-0.13426046804407119,0.056726507388307236,0.15797395969931793,-0.0877429643372234,-0.08808614252989848,-0.05475414102982974,-0.03302066382551076,-0.005483628089159685,-0.038813302238162053,-0.14866875431359017,-0.10839274184890849,-0.07250570183280665,-0.10906631371865019,-0.04021322310810712,-0.176481080217797,0.03570583477573507,-0.024449000846023233,0.0038130060014914097,0.16713436774528223,0.10900636599073264,0.01911425363144836,0.031852309686731174,0.10281371223336212,0.0856734267697137,0.33020201526336,0.03264826148987364,0.04246779510909197,-0.07416369729927351,0.13296700353829055,0.1008003992594026,-0.056285170674034116,-0.06472537439965474,-0.042385099424338095,-0.021570791633200494,-0.005177796783342845,0.06059571905036073,-0.11014703683179608,0.13805072748063682,-0.019900108909101148,0.05963861717111499,0.09462743277498512,-0.09609860668044942,0.06770141882397145,-0.0251386205067764,0.011434933985255543,0.00749742434492862,0.06802373231987074,0.06540064021884645,0.026482745039653467,0.05521690470623047,0.10765020900410899,-0.13426239858474842,-0.03233634908057951,-0.128805522202695,-0.02080551774791488,0.046258892892285464,-0.07464911139667046,0.08824719453997171,0.08696363919867743,-0.12084636240646678]
================================================================================

================================================================================
Original Text: UNStudio has joined forces with HPP Architects to create a consortium (UNS + HPP) to carry out the n...
Word2Vec Normalized Embeddings: [-0.0273772997066919,7.201916862910969E-4,-0.02229948717971377,0.05248127808613368,-0.19319441733937096,0.17127554189789346,-0.20790997232051867,-0.13859961197235185,0.18444035650968155,0.01975454897536509,-0.05693348547516659,0.11676658024241288,0.019891586592265472,-0.1437270596908528,0.12232562722908281,-0.032688796574828566,-0.04275974735987171,-0.14357118756006593,0.025931629029087935,-0.1702772941300231,0.07960230761744654,-0.09211564728897739,-0.10311375236635557,-0.007475430271141518,0.03652695301234629,0.13890887999087903,0.05408186107141475,-0.034225005482998984,0.11447968994559708,-0.09402715611202134,0.05023521560964746,-0.04276469227161726,0.16492449099933656,0.05636623759162595,-8.972652946107544E-4,-0.0446258583344031,-0.11288998007184606,0.17068642393654856,-0.0534260869436543,0.08981319131766222,-0.12182092123710335,0.05920374538215276,0.1688820054768404,-0.14027214103316868,0.003854375844577183,-0.047061296215269034,0.003707638093837912,-0.09964322569473494,-0.05691429823018546,-0.022931242493030177,-0.1650018713172406,-0.031846655696709324,-0.1102848288512757,0.03222405022884236,-0.17529647750461796,0.008334145374872287,-0.05696614757594511,0.09487714942240107,0.06266941863281732,0.08833023602958591,0.11136955661198102,-0.008813983786990158,0.03325638563414124,0.06801901088675652,0.2761709564352625,0.043411878316932336,0.0973653548894399,-0.02832954353608076,0.0934062681550635,0.12353318358753292,-0.023151971737456315,-0.15902469933596275,-0.018655452055803216,0.10049427740885876,-0.056667961460505206,0.025761039828666937,-0.14713376132311304,0.12020005828419437,-0.001331637103588598,-0.10377730250820566,0.017282213805151343,-0.184811197031825,0.04908689663591274,-0.019888083888508986,-0.10309992528034785,-0.05835666099220955,-0.017466850551880738,-0.02633237454143549,0.015953863955110795,-0.014879902982418803,0.11156333461550492,-0.06967313226011537,0.0774451825797988,-0.1906820839400812,0.052679193092274965,0.01483262470964674,-0.010641974739375904,0.018070491175482917,0.1758643799994874,-0.14691826478065856]
================================================================================

================================================================================
Original Text: ?Students are shouting several slogans to guarantee the school's autonomy in front of Jogyesa Temple...
Word2Vec Normalized Embeddings: [-0.06387952727818018,0.04663256485459336,1.457997508782753E-4,0.014806740182362091,-0.1789367590296256,0.13865200466428484,-0.1805858411540364,-0.1768831815524136,0.16817940233767648,0.07787236935347538,-0.04076329081527412,0.16347718571074987,0.024246072215110465,-0.16104421067673583,0.1389150983974613,-0.028797420179208305,-0.07211292069410348,-0.18260457721870718,0.07886130940499832,-0.13972175009928636,0.014937718088063993,-0.07362681797078911,-0.04676658782588548,-0.019887339167808098,0.041300540302307336,0.09679974013034551,0.04243480982384005,-0.04937279703640695,0.08453664608843628,-0.09873378861993991,0.16828998407735815,-0.06313305727731347,0.1648063651029505,0.05569349337201974,0.025944723159269427,-0.0691211700030183,-0.13970217741895632,0.18721926630494395,-0.06890176561055177,0.02884097106171116,-0.12103805953404198,0.08791126561975517,0.19075155835215246,-0.08444128261454907,0.014303133347144118,3.128016307225331E-4,-0.06226078726260289,-0.02215698418320989,-0.050736440040205735,-0.058016592548829723,-0.14825819003938395,-0.07108046848279446,-0.10642920337825611,-0.023432246871363333,-0.176801089987705,-0.008183896483547844,-0.032177832918860796,0.06867203904593686,0.13306671063783354,0.08907030503109403,0.06538748260288875,0.024247741971003083,0.05390524425257282,0.08564825278168253,0.2873481783179593,0.042146376508557216,0.09837480490822655,-0.024494572287886273,0.09234047591335194,0.09869152299974042,0.010979376715160461,-0.1343993980480909,-0.06962917711751887,0.06538154832942623,-0.029306548741173083,0.04822607674005944,-0.11711670860658432,0.1295427324018104,0.019678747674476253,-0.09185080110488518,0.08652578028152359,-0.08493413291780567,0.08591857049692143,-0.038831659041896636,-0.04055295919437343,-0.031322163617488685,0.012363948588580516,0.04501032337953198,0.031132488799263145,0.03597399099642392,0.15635953584976828,-0.09807050741186174,0.06219916559960013,-0.18181378730860265,0.0648023865152565,0.00838033883250903,-0.005622884119361283,0.06000823793870267,0.1644566666961584,-0.1538540096630873]
================================================================================

================================================================================
Original Text: Quartz is one of the most common and varied minerals on earth, and its abundant colors produce many ...
Word2Vec Normalized Embeddings: [-0.11044421817712125,-0.016744978599339353,-0.08651649367234711,0.0674047353942223,-0.1802096857449177,0.07079211555209655,0.04397674138086762,-0.07233479107874159,0.08932027406757871,0.05646428551876874,0.11451654471849793,0.24779137712332272,0.04549797703140394,0.13816207250246076,0.09485581429593738,0.10560819264569221,-0.17269493760045518,-0.087799513121624,0.030020355809092115,-0.06756835137405363,-0.02492854089376242,-0.06928260942749552,0.12441906073939067,0.06831281744295761,-0.07746071279678882,0.015768339019498194,-0.021243904809790864,0.04904864017035468,0.23317190850919967,-0.10638568956576111,0.11012555583475224,0.03565751308902326,0.17628527342405922,0.01601698067141661,0.10217068431465834,0.01445550213780553,-0.2058407629165329,0.06664039937982509,-0.04613482093251151,0.08406185324857458,-0.009781025629185067,0.04600338246541469,0.15758515261425404,-0.03236174011472193,0.19390235455216778,0.10396501264860306,-0.08789993705360882,0.02269718477489198,-0.0037772672622213995,0.004885498118500158,-0.12540046329649926,-0.003667493078532897,-0.09116952478049423,-0.008892298131013226,-0.10317866304527583,-0.0759763710563251,-0.052060864119064784,0.015719425045890318,0.06847259935523317,-0.0026449586862738665,0.10220415902043876,0.01422421657539157,-0.062240620651971675,0.056493488852771875,0.01469421199353057,0.034647247631927516,0.13694862419761897,0.0579686492628097,-0.08461063582803535,0.01726987412534181,0.15576118557300045,-0.2183681511239796,-0.0732909156912251,0.07591659198844859,0.012614120196584947,0.0056836132029410985,-0.02745114778193157,0.006384073889323277,0.07971860098219265,-0.23451822889395546,0.03077322289825177,0.003720992562741292,0.047613653470304766,-0.04437897324936199,-0.04352206262288059,-0.06823165995652909,-0.04586312989905569,-0.012143241522104734,0.03208288450780736,0.04450111537578317,0.14185573005570468,0.018250256730850338,0.16354122649049085,-0.19260886780470168,0.21487094460421263,-0.07142693457643487,0.15387689720637293,0.004414139011172641,0.1925859509085344,-0.09292152333936013]
================================================================================

